-0.243751
0.455444
0.29211
-0.183383
0.216397
-0.268591
0.110502
0.140286
-0.0404464
0.596731
0.207481
0.096682
-0.0486797
-0.065704
-0.0478454
-0.18015
-0.29338
-0.513897
-0.524007
-0.281579
-0.0392421
-0.0438122
-0.489255
-0.0575936
-0.703375
-0.0549925
0.0613609
-0.397075
-0.207233
-0.0408947
1.00713
-0.00782012
0.0177287
0.014175
0.0269835
-0.242377
0.128745
-0.276162
0.434111
0.203097
0.0490279
-0.230814
0.0707108
0.164745
-0.0420971
-0.198666
0.140008
0.194253
-0.545285
-0.453369
0.126757
0.0345942
-0.206027
-0.111112
-0.0565152
-0.291276
0.064458
0.27669
0.111614
0.0473556
-0.0556757
0.0943665
-0.101916
-0.0613195
0.0524926
-0.464616
0.0265624
0.653521
-0.00316204
0.0489334
-0.0519885
0.118926
0.52239
0.0354365
-0.0271986
-0.536147
-0.282522
-0.123595
0.184643
-0.0499077
-0.245377
0.278029
0.47307
0.34194
0.0996409
-0.0541107
-0.0518761
0.102262
-0.0179579
0.0196028
0.0687785
0.0517914
0.0579919
0.0165691
0.0454308
0.0506065
0.179193
0.0519516
-0.0508998
-0.0390712
-0.2596
-0.0328069
-0.0773754
0.111875
-0.190506
-0.189342
-0.222582
-0.0519751
-0.213792
0.0208544
-0.130454
-0.165222
-0.125833
-0.0487657
-0.383582
0.107896
0.68453
0.56984
0.122083
0.0284663
0.152522
0.042752
0.209055
0.0287201
-0.2564
0.00324343
-0.339711
0.163469
0.499741
0.188575
-0.177651
-0.103402
0.110431
0.35451
-0.262268
-0.0174907
0.0233467
0.00506456
0.108588
0.203782
0.0224685
0.205182
0.174026
-0.0722781
0.19935
0.0880051
-0.345596
-0.00734038
0.0297121
0.436932
0.385965
-0.0274865
0.210384
0.044566
0.0174572
0.210771
0.232601
0.286611
-0.0124186
0.142693
0.174344
-0.341042
-0.0230282
0.122412
-0.0397346
-0.241856
-0.00940745
0.052529
-0.294044
-0.0729233
0.543823
0.0868983
0.0271418
-0.198492
-0.456525
-0.206701
0.0273858
-0.0656916
0.0984797
-0.443111
-0.365899
-0.187462
0.0324148
-0.0528555
-0.00414804
0.778511
0.167331
0.0641842
-0.0119668
-0.00991582
0.14991
0.971632
0.0223646
-0.130003
0.0147232
0.0585816
-0.0070238
-0.145743
0.0359126
-0.213758
-0.0627344
0.376264
0.0047989
0.416822
0.00900126
-0.162659
-0.615725
-0.173375
0.0870323
-0.299731
-0.161267
0.0562635
0.0195535
-0.0663532
-0.113411
0.146754
-0.125756
-0.465049
-0.0853282
-0.0958841
-0.0465323
-0.0262303
0
0.541857
0.0356404
0.0555827
-0.0773565
-0.51015
-0.00472063
-0.12079
-0.21839
-0.0100737
-0.0970803
-0.180101
0.0862458
-0.167516
-0.252411
0.118807
0.0493304
0.0666051
-0.249159
-0.134588
0.0759761
0.196895
0.059314
-0.115675
0.0619946
0.176394
-0.00507953
0.188282
-0.0446496
-0.271236
0.097517
-0.420533
-0.388376
-0.537514
-0.433407
0.010178
-0.0937691
-0.208071
-0.23908
0.359156
-0.0335629
-0.392644
0.157651
-0.0670779
0.0974426
0.0608181
0.00811791
1.04982
-0.13509
-0.243922
-0.0837332
0.457946
-0.0230143
0.184648
-0.224913
-0.110291
-0.351018
-0.030543
-0.39955
0.365637
-0.126666
-0.365708
-0.0214828
-0.101275
0.123684
0.632795
0.841346
0.0247419
-0.541254
0.0230653
0.163831
0.335756
0.397663
0.396116
-0.734557
0.239685
0.0772337
-0.0814263
0.0200995
0.283391
-0.593068
-0.325914
-0.00541749
0.0151245
-0.429838
-0.208325
-0.314587
-0.130018
-0.0893128
-0.426069
-0.0264627
0.182203
0.0482181
0.252684
0.0571698
-0.0373148
0.0229492
0.0972985
-0.0838672
-0.108799
-0.111218
-0.0131679
0.123763
-0.064366
-0.0452703
-0.433339
-0.197187
-0.182754
0.0627654
0.0560575
-0.151479
-0.063794
0.0885826
-0.135663
-0.00554662
-0.220573
0.0922696
0.0899489
0.104597
0.379025
-0.0167517
0.138942
0.0321847
0.199492
-0.0676433
-0.322858
-0.0193052
-0.134588
0.0490272
-0.0742782
-0.202191
-0.300365
0.177659
0.426559
-0.252872
0.00857895
0.121107
0.311666
-0.18082
-0.0456943
-0.0225925
-0.117537
-0.042473
-0.240064
0.0251431
0.0284445
-0.0411859
-0.209208
-0.0538386
-0.441911
0.0546691
0.541843
1.1122
-0.381521
-0.0328638
-0.0339224
-0.005422
0.0368359
-0.309948
0.302475
-0.0366866
0.475711
0.112117
0.15046
-0.110163
-0.162027
-0.127787
-0.267479
-0.0811872
-0.00421652
0.0630517
0.234605
-0.0318474
0.672011
0.0627908
-0.0401636
-0.0475823
-0.127276
-0.0319107
0.0318044
0.0431469
-0.307007
-0.388724
-0.478008
0.204722
0.599585
-0.506975
-0.223505
0.224642
0.944881
0.0442036
0.483518
0.0383153
0.0965655
-0.00264007
-0.103031
0.00286666
0.108339
-0.064354
-0.0676936
0.575647
-0.360616
0.0939882
-0.0401038
-0.0523427
0.0561159
0.029455
-0.0581194
-0.421231
0.281244
0.381887
0.184
0
-0.0478563
-0.0500789
0.0471384
-0.00959806
0.0498851
-0.0301231
-0.540297
-0.0887752
-0.0746336
0.292604
0.166444
0.0858269
0.0495176
-0.193999
-0.52687
-0.0470376
-0.0151009
-0.191375
-0.0366859
-0.266797
-0.277549
-0.0718095
-0.0601714
0.423338
0.490748
0.69114
-0.269714
0.369412
-0.282584
-0.194935
-0.21516
-0.357576
-0.277173
0.190947
0.00557771
0.354153
0.0297676
0.0887266
-0.253257
-0.00355256
-0.146025
0.20813
0.58074
-0.158647
0.0286227
0.0777279
-0.185586
0.0137883
0.283075
0.629667
0.244373
-0.0088053
0.32706
-0.147691
-0.0191383
-0.237673
0.36859
0.279156
-0.0454624
-0.0962709
0.692462
0.283891
0.0965305
-0.0737184
0.146594
-0.19864
0.19382
0.210243
-0.0805466
-0.0567839
0.0996329
-0.339565
-0.02857
0.270193
0.466512
0.150438
-0.0503384
0.644248
0.139939
-0.527969
-0.183522
-0.0916851
0.0533131
-0.0609008
0.0801438
-0.264378
0.257843
-0.343876
-0.289754
-0.0966552
-0.0143061
0.0989371
0.019877
0.055475
-0.00842251
-0.075275
-0.117407
-0.175276
-0.271499
0.16584
-0.0485278
0.347091
0.130534
0.237082
0.358674
0.17545
-0.102044
-0.108026
-0.0934852
-0.0537264
-0.0882759
-0.183346
-0.318951
-0.299754
0.190021
0.0263289
-0.0008854
-0.0100419
0.0495331
-0.0579919
0.0616336
-0.419578
-0.103582
-0.147163
-0.241026
-0.296398
-0.0341196
-0.0741371
-0.372912
-0.106149
-0.417045
0.033273
-0.0554844
-0.430854
-0.263218
-0.496435
0.0302763
-0.294768
-0.26149
0.0194909
-0.0237622
0.84038
-0.034699
-0.147758
-0.414346
-0.313151
-0.063217
0.0959897
0.171495
0.158822
0.13045
-0.318603
-0.352748
-0.136997
-0.0895397
0.2349
0.0612696
-0.155827
-0.0937399
0.0594567
0.0387868
0.1106
0.060158
0.00239447
0.110442
0.0517243
0.0374513
-0.26798
-0.0828734
1.04317
-0.249137
-0.0326352
-0.349442
-0.124578
-0.0902284
0.181601
-0.189168
0.225902
0.164318
-0.0802418
0.965883
0.0662771
-0.107719
0.261083
0.0443684
-0.270496
-0.0888401
-0.0455486
0.554842
-0.152821
-1.0119
-0.999847
0.432892
-0.177442
-0.197733
-0.0479111
0.0347351
-0.0360104
-0.0791812
-0.0240382
-0.509306
-0.118257
-0.100474
-0.0415771
-0.124609
0.0540192
-0.177286
0.119542
0.0470845
-0.127844
0.116903
-0.372577
-0.307299
0.215024
-0.187011
0.502729
0.438047
-0.158197
-0.028701
0.194541
0.0780122
0.119495
-0.0595228
-0.020962
0.331558
-0.0871502
0.24389
0.0818953
-0.0308338
-0.0768814
-0.00989888
-0.138411
-0.0330392
-0.264219
-0.335044
0.2879
-0.325854
-0.534601
-0.245727
0.0434657
0.0239964
0.0747057
0.51965
0.322496
-0.0306688
-0.0161396
-0.0849623
-0.136056
0.411349
-0.323631
-0.196895
-0.201928
-0.216604
-0.353987
-0.069395
0.0505609
0.0116077
-0.0844499
-0.0159149
-0.161646
-0.13916
-0.0640078
-0.0108082
-0.134271
-0.139746
0.0848719
0.504725
0.171219
-0.260235
-0.463089
0.0873478
-0.575324
-0.167277
-0.0131615
0.0845192
-0.0842354
0.0604234
-0.0474247
-0.00199102
-0.077118
-0.139823
-0.173351
-0.0774378
-0.0804493
0.0294434
0.162598
-0.0915644
0.00157066
-0.0890319
-0.100821
0.0259215
-0.10825
0.435303
-0.132246
1.08656
1.05909
-0.261932
-0.0309017
0.422284
0.0263774
-0.0222564
-0.228263
-0.0710737
-0.0953469
0.178416
-0.309973
0.0479075
-0.0171557
0.13391
-0.111769
0.446927
-0.129787
-0.211087
-0.575312
-0.153868
0.2813
0.174006
0.825477
0.153914
0.0302893
0.0525291
0.102741
-0.281662
-0.26783
-0.239006
0.0800373
0.135562
0.290844
-0.221636
-0.460747
-0.462974
-0.348549
-0.31037
0.766249
-0.39319
-0.0835461
0.0584364
0.427592
-0.231837
0.17457
-0.0822773
0.00290502
-0.0919227
-0.0875602
-0.114172
0.0521898
-0.558122
-0.113357
-0.270779
-0.132916
-0.0356358
-0.0149178
0.0407678
0.0366081
-0.03898
-0.00975984
-0.243774
-0.415889
0.752612
0.628798
0.515181
-0.0886588
0.209918
0.372304
0.243052
-0.149601
-0.252246
-0.0341842
0.00124437
-0.352405
-0.249405
-0.0915708
-0.196295
0.453297
0.395942
-0.265412
0.0991093
-0.0198602
-0.0599538
0.0717115
0.137345
-0.283465
0.349103
0.058778
-0.292138
0.333256
-0.0228189
-0.0115084
0.152281
0.667166
-0.311082
-0.445005
-0.369623
0.049218
0.136583
-0.613704
0.199894
0.126976
0.184865
-0.0680125
-0.0836866
-0.105104
0.0772234
-0.017211
-0.178239
-0.0712591
-0.0656618
-0.0650478
-0.295071
-0.0167241
-0.0715283
0.0743759
0.852713
-0.236731
-0.286481
0.00495775
0.111817
0.0617198
0.0304717
-0.0123451
-0.152053
-0.0132507
0.00769061
0.862243
0.612028
-0.0787506
-0.19796
-0.042752
-0.0694717
0.0105218
-0.104493
-0.042612
-0.126992
-0.0799673
0.348425
-0.141446
-0.223957
-0.0820185
0.22729
-0.268606
-0.144758
0.0196857
-0.131299
-0.158744
-0.200003
-0.328468
-0.107027
-0.246434
-0.207306
-0.225276
0.0201156
-0.161579
-0.108995
-0.0662412
-0.376696
-0.2938
0.0725166
-0.142617
0.0746929
0.0309319
0.0550869
-0.0343495
-0.255353
1.06426
1.04797
0.0575643
0.221737
-0.0217489
-0.130132
-0.203651
-0.264669
-0.109671
-0.101212
-0.0363501
0.259843
-0.193
-0.129576
-0.114847
0.214504
0.617951
-0.0356179
-0.0376807
-0.0694726
-0.446452
0.0847137
0.533793
0.223143
-0.217404
-0.0961196
0.0257305
-0.191862
-0.213209
-0.0194229
-0.231704
-0.199046
0.831116
1.01008
-0.125114
-0.0922149
-0.0223018
-0.314369
-0.119515
0.403636
-0.107911
-0.630836
-0.126449
-0.0980317
0.165688
0.111874
-0.0635932
-0.112972
-0.114813
0.0130798
-0.0143954
-0.0918305
-0.257957
0.00176906
-0.018785
-0.112265
-0.0144244
-0.00877392
-0.188913
-0.112737
0.543783
-0.0747264
-0.146128
0.0609882
-0.069397
-0.143829
-0.343222
-0.481629
-0.239218
-0.0495918
0.236286
0.0392096
0.240812
-0.0412684
-0.0729708
-0.173131
0.330732
0.0700758
0.0170333
-0.0547963
-0.91085
0.213658
0.404323
-0.0973377
-0.0372723
1.29766
-0.105343
0.214916
-0.0379831
-0.0469079
-0.535796
0.194136
0.0209006
0.593842
0.0349754
-0.0912366
0.174328
0.00162353
0.135888
-0.0357066
-0.631842
-0.206036
-0.108763
-0.206807
-0.0460431
-0.572371
-0.611277
0.0775566
0.0143581
1.04609
0.161802
-0.0818647
0.181016
-0.210811
-0.141894
-0.0359346
-0.100561
-0.357468
-0.168726
-0.414973
-0.111106
-0.174825
-0.0353781
-0.0619248
-0.121817
-0.290831
-0.251779
-0.639831
0.108621
0.0803416
-0.139368
-0.255926
-0.0188638
0.0422064
0.0162625
0.226604
0.981412
-0.391244
-0.0259501
0.0203931
0.151481
-0.0263151
-0.173127
-0.297475
-0.857494
-0.219818
0.254976
0.213416
0.128016
-0.711658
-0.385391
-0.311992
0.00197856
0.451765
-0.110955
-0.135872
-0.191124
-0.164389
-0.129108
0.865239
0.327013
-0.310096
0.171206
-0.39794
0.236096
-0.178713
-0.208807
-0.429153
-0.589939
0.301386
-0.181007
-0.599512
0.0843209
0.129312
0.0971441
-0.1882
0.376809
-0.153049
-0.0926583
0.0278091
0.082242
-0.199772
-0.284579
0.577061
0.0734828
0.0332218
0.221265
0.167398
0.170738
-0.0566966
0.489641
-0.0417351
0.149383
-0.0464926
0.208917
-0.152843
0.284454
0.611136
0.959854
0.193573
0.405593
0.00732384
0.0815586
-0.114401
-0.00965141
0.341459
0.332272
1.10634
0.131867
0.241346
0.0183476
0.687607
1.15831
0.301728
-0.0566264
0.177077
0.0204991
-0.479218
-0.203344
-0.415493
-0.103122
0.0465965
-0.203615
-0.668912
0.337015
0.230339
0.226525
0.47769
0.404168
-0.211903
-0.0364745
-0.325663
-0.280956
-0.107706
0.0307373
-0.179438
0.163071
0.0628349
0.00750096
-0.106961
0.150293
0.579167
0.536136
-0.106601
0.08919
-0.0285555
-0.344654
-0.572631
-0.404967
-0.415938
-0.238814
-0.440504
0.0320067
-0.128467
0.427299
-0.125342
0.165863
0.049218
-0.285462
-0.0825786
0.0266294
0.121171
0.207856
-0.0948735
-0.508416
-0.704695
-0.0367816
0.329369
-0.273794
0.193461
-0.0149659
0.812018
0.2914
0.337652
0.144776
-0.0279877
-0.0774897
0.48792
-0.0369373
-0.0561625
-0.174093
-0.247646
-0.238918
0.0327696
-0.0845506
0.753179
0.118789
0.0605096
-0.10158
0.290179
0.518258
0.078052
-0.0472222
-0.139224
-0.119624
0.207444
0.146508
0.252706
0.389784
-0.206895
0.177638
0.304371
0.134046
-0.229583
-0.269431
-0.118552
-0.193867
0.00393029
-0.346669
-0.0127811
-0.363945
-0.0104971
1.35965
0.529587
0.320951
-0.0724588
0.0920959
-0.174335
-0.177306
-0.264934
-0.537984
0.396149
-0.063713
-0.336109
-0.181343
-0.304292
-0.148262
-0.381534
0.214332
0.087609
-0.203731
-0.432993
-0.0402126
0.781634
0.156834
0.106372
0.551903
0.00565739
-0.67016
-0.323797
0.681682
0.0465699
-0.137934
-0.123953
0.987078
1.08296
0.0530285
0.0713739
-0.13449
-0.026381
-0.353697
-0.347238
0.146478
-0.153462
0.00297671
-0.0310898
0.106574
0.0492964
0.148348
0.123744
0.222609
0.182985
-0.135486
-0.125772
1.1764
1.32892
0.141176
-0.111821
0.355522
0.301442
0.139711
-0.026376
-0.0140507
-0.0341163
-0.00342545
0.402025
0.26037
-0.0809575
0.00537685
1.05764
0.100101
0.209647
0.122185
0.0673929
-0.0468781
0.163441
0.0660504
-0.301661
-0.340841
0.0385233
0.154811
0.388301
-0.472501
-0.448237
-0.197604
-0.012524
0.0323742
0.0361651
-0.245134
0.130854
0.272602
0.00891804
-0.0111262
-0.066811
-0.00316381
0.166552
-0.054714
-0.037596
-0.14769
-0.107802
-0.0728012
1.12671
-0.220838
-0.2711
-0.633683
-0.0377886
-0.145806
0.21201
0.0147527
0.365525
0.881568
0.105021
0.0864719
-0.012412
0.0383325
0.580885
-0.0404431
0.646779
-0.133112
-0.231852
-0.0763611
-0.112658
-0.0492823
-0.0788678
0.0792738
-0.228839
-0.303606
-0.238559
0.0343866
-0.0721107
-0.177632
-0.200441
-0.417894
0.156575
-0.405332
-0.505645
-0.0841388
-0.572172
0.105749
0.638758
0.6129
0.260294
-0.237612
0.317683
0.316902
0.136738
0.385423
-0.184052
0.168575
-0.376339
0.108184
0.326917
-0.49345
0.103338
0.267421
1.19429
-0.124695
0.133328
1.1706
0.271931
-0.198859
-0.317577
0.086991
-0.208965
0.237753
0.193335
-0.394371
0.216294
-0.0852604
-0.490086
0.0328812
-0.241142
-0.361538
-0.285261
0.0542883
-0.438967
0.104735
0.0260542
-0.17771
0.0620906
-0.329731
-0.360803
-0.326392
-0.452338
0.205546
0.848478
0.938148
1.30343
0.103978
0.374393
0.165674
-0.102746
0.000577132
-0.25915
0.0578927
-0.267631
-0.198162
-0.250163
0.0225854
-0.0515612
-0.0204894
-0.358017
-0.412561
0.139867
-0.150156
-0.221398
-0.109753
-0.18839
0.0446496
-0.117803
-0.0562624
-0.0339537
-0.247678
-0.156613
-0.271525
-0.140522
-0.417363
-0.412145
-0.121973
-0.0299426
-0.202544
0.0384344
0.689027
0.0702578
0.0908339
-0.243602
-0.0198807
-0.0472028
0.333555
0.278442
1.24133
-0.288559
0.104225
0.0934029
0.124939
0.167628
-0.109396
-0.1543
0.593158
-0.141647
-0.252605
0.081054
-0.263059
0.0108806
0.173599
0.211015
-0.232694
-0.209669
0.113216
0.00519426
-0.143381
0.00604809
0.079559
0.110499
-0.119671
-0.323411
-0.082715
-0.352742
-0.243695
-0.245226
0.184872
-0.0696558
0.138303
0.312236
0.489047
0.00224312
-0.200129
-0.322949
-0.13156
-0.0802587
-0.218345
0.188016
0.394217
0.383132
0.0868367
-0.195202
-0.339232
0.0892127
-0.215162
0.170166
-0.209012
-0.607906
-0.133789
0.50343
-0.136573
0.15107
-0.540409
0.0868445
0.209578
0.351488
0.466485
-0.271628
0.880863
0.217307
0.16923
-0.247038
-0.333501
-0.53013
-0.156717
0.397222
0.874421
-0.0251754
0.121211
-0.121557
-0.0173741
-0.0376686
1.34372
1.23533
0.367191
0.0339845
-0.0344423
-0.0582791
-0.150785
-0.170149
-0.0777177
-0.0795019
0.0299632
0.451546
-0.114186
0.110349
0.0732724
0.590343
0.421443
0.254411
-0.225847
-0.138437
0.110925
0.306734
-0.145035
-0.0746559
-0.0712539
-0.152469
0.349486
0.220904
0.260517
0.25161
-0.316774
-0.265722
-0.454759
0.191421
-0.449244
-0.001407
0.35229
-0.0641786
-0.175127
0.853411
-0.0910942
0.479274
-0.0693265
-0.0917265
-0.530483
-0.0220007
-0.157196
0.929878
-0.0159323
0.29423
-0.154137
0.197544
0.00185202
0.0129854
-0.355559
-0.0771034
-0.0866655
-0.263279
-0.333035
-0.188166
-0.090867
0.230589
0.107785
0.230753
-0.364554
0.421208
0.266616
-0.288737
0.260035
0.00180082
0.184524
-0.348683
0.0873372
0.206355
-0.16924
-0.237829
-0.467709
-0.0794361
-0.439633
0.3161
0.0205216
0.617431
0.529635
0.0960388
-0.431747
0.753861
-0.318141
-0.0785948
0.475875
-0.561959
-0.320188
-0.120192
-0.100286
0.199028
0.439382
-0.0227689
-0.0118992
0.186331
0.0485124
-0.0259754
-0.00687882
-0.0736991
-0.423371
0.129326
0.661559
-0.0811028
0.305153
-0.405349
-0.18077
0.0112702
0.262405
0.0569576
0.114655
0.0225579
-0.241139
0.30139
-0.175374
0.433977
0.0253606
-0.0506277
-0.0724269
0.0705811
-0.457177
0.0182002
-0.289662
-0.0222004
0.386752
0.156254
-0.48543
0.364928
0.0230968
0.0793752
-0.0747836
-0.234576
-0.00949316
0.397791
-0.202689
0.559866
-0.380841
0.421566
0.351267
0.153721
0.0204297
0.193343
0.302712
-0.528918
0.546131
-0.170186
-0.213918
0.579572
0.0169071
0.02932
-0.531112
0.10751
-0.022384
0.0659028
-0.253661
0.0557975
0.274046
-0.313592
0.0817151
-0.402279
-0.0602652
0.00544332
0.0446839
-0.409199
0.00393886
0.105447
-0.457683
-0.00994361
0.0188853
-0.725155
0.272647
0.411278
0.0598479
0.0616179
0.0236409
0.105395
-0.399075
0.431836
0.22057
-0.0145439
0.0661725
0.0647482
-0.255183
-0.135058
-0.207125
0.0371007
0.377907
0.953415
-0.0404735
0.417696
-0.143028
-0.249519
0.0337198
-0.212569
-0.0732379
0.244951
0.0637814
0.144165
0.342322
0.799433
-0.14876
-0.366722
0.0391869
0.380791
0.0481636
-0.453799
-0.3258
0.0879088
0.300679
1.16548
0.331114
-0.212875
-0.119117
-0.0173932
-0.0659912
0.303099
-0.147215
0.140247
1.15101
0.200331
-0.352548
-0.0677608
-0.124939
0.427647
-0.236804
-0.114455
0.582862
-0.333566
0.260862
-0.446528
-0.188526
0.0708292
0.461881
-0.563051
-0.41889
0.0377745
0.193368
0.0831727
-0.138475
-0.36005
-0.120973
-0.20039
0.0923581
-0.10888
0.0567495
-0.168994
-0.0683082
-0.33739
-0.316186
0.4054
0.271136
0.164412
0.483864
-0.716991
-0.377786
-0.30284
-0.0295005
-0.211001
0.10485
0.133761
-0.338856
-0.702344
0.1477
-0.210853
0.483237
-0.254771
-0.040597
0.334354
0.265692
0.179494
-0.266366
0.261459
-0.128566
0.0244246
0.0654185
-0.033067
-0.182435
0.158735
-0.620248
0.0417334
-0.139134
-0.197233
1.03828
0.988703
-0.00666448
0.742102
0.0579919
-0.231462
-0.0260134
-0.126585
-0.0791812
0.042612
-0.0230799
-0.0596352
-0.0596669
-0.321608
-0.0148107
-0.332999
0.942687
0.0121149
0.0799118
-0.0181678
0.159799
-0.00741634
0.129649
-0.0357442
-0.15162
1.09812
0.785027
-0.00145051
0.227798
-0.0633736
-0.00436969
0.665251
-0.125573
0.0142566
0.168963
-0.126994
0.29175
0.110833
0.154632
-0.129806
-0.0467965
0.0906455
-0.166969
0.282319
-0.300313
0.16818
0.0868587
-0.115922
0.0763563
-0.00665599
0.248787
0.390739
0.479563
-0.606671
0.789574
0.375721
-0.329483
-0.223571
-0.0712848
-0.144583
0.100017
-0.22477
-0.091183
0.0947171
0.0589053
0.291793
-0.0631173
0.367866
0.12319
-0.152929
-0.158717
-0.0528932
-0.391873
-0.523818
-0.0860397
-0.0561159
-0.0166599
0.242094
-0.0693758
-0.0533547
-0.0923651
-0.139305
-0.0942813
0.101258
-0.0618764
-0.336614
0.0789068
0.485183
0.284541
-0.190116
-0.0693739
-0.584071
-0.376182
-0.378262
0.546113
-0.0353717
-0.471489
-0.491551
-0.117155
-0.0383259
0.101145
-0.125981
0.124578
-0.190411
-0.208027
1.411
-0.302269
-0.23305
0.0305066
0.0673716
0.802095
-0.0192896
0.137943
-0.556325
-0.392823
1.15695
0.174238
0.0511346
0.441904
0.708611
-0.223864
0.0519429
0.403418
0.0107715
0.112247
0.0497716
0.0765991
-0.117545
-0.097711
0.0695145
0.307902
-0.0440677
-0.0683008
0.066246
-0.088754
0.0104494
-0.710686
0.00158794
-1.02098
-0.556375
-0.120164
-0.245719
0.27657
0.588769
0.0462182
-0.0463865
-0.56247
-0.117277
-0.0811341
1.15729
0.140235
-0.0558261
-0.16831
-0.133392
0.0482022
1.04324
0.329033
-0.255183
-0.143448
-0.209375
-0.100965
-0.0175728
-0.0370443
-0.174095
0.00341519
0.0665706
-0.263372
-0.189103
-0.173465
-0.128999
-0.340603
-0.448927
0.319779
0.903675
-0.0221345
-0.30489
0.0619075
-0.122334
-0.350504
-0.0801024
-0.245248
-0.0155399
-0.16953
-0.162177
-0.118445
-0.299809
-0.419394
0.0467434
-0.0320796
-0.563789
-0.105593
-0.144134
-0.0892906
0.384166
0.383723
-1.12024
0.00586895
0.154449
-0.152172
-0.0639603
0.105329
0.0595135
0.08473
-0.0416836
-0.0287506
0.105699
0.0324031
-0.178704
-0.180868
-0.169478
-0.0550476
-0.0436387
-0.155631
-0.135786
-0.00347158
0.562
-0.522009
-0.550586
0.246286
-0.0121104
-0.364634
0.790386
0.0299299
0.0597241
0.022664
0.14417
0.0311713
-0.167647
-0.0744348
0.00717858
-0.154536
0.144266
-0.120484
0.329176
0.0180116
0.0984738
0.0890123
-0.165443
-0.0408659
-0.171522
-0.111006
-0.153828
-0.530028
-0.391639
-0.119094
-0.236872
0.135502
-0.221709
0.00463937
0.0228304
-0.0942459
-0.173439
0.142552
0.123433
-0.133461
-0.199253
1.16794
0.588311
0.276423
-0.290565
-0.258021
-0.103795
-0.0548398
-0.403569
-0.11601
-0.0285486
0.0288769
-0.198161
-0.293606
0.0916382
-0.210547
-0.251504
-0.0727068
-0.255745
-0.17258
-0.375723
-0.209963
-0.581001
1.14541
0.218372
-0.14169
-0.24188
-0.081305
0.578625
0.288454
0.334287
0.221338
-0.0971781
0.165956
-0.127539
-0.257777
-0.132929
0.161676
0.140903
0.169624
0.106894
-0.212024
0.188124
0.586465
0.159258
-0.21592
-0.141543
0.960417
0.355443
-0.319263
-0.207247
-0.223963
-0.188789
0.0388163
-0.0155585
1.32024
0.188516
0.151293
0.0339198
0.308544
0.361079
0.141972
-0.231279
-0.157608
-0.318898
0.869389
0.247964
0.0632818
1.07804
-0.16481
-0.0870285
-0.152673
-0.34964
-0.308436
-0.357554
-0.345345
-0.386271
0.389681
0.0707855
0.08339
0.0594168
-0.418996
-0.304563
-0.261077
-0.172329
0.150781
0.141772
-0.484524
0.256611
0.313778
0.621976
-0.140966
-0.210479
-0.161733
-0.0993846
0.483898
0.345283
0.351271
-0.0384769
-0.0199767
0.115007
0.500975
0.128941
-0.21893
-0.115249
0.0525985
-0.112704
-0.0973028
-0.155783
0.101892
-0.0460548
0.0113149
-0.0738565
0.0807881
0.161108
0.845538
0.194566
-0.100245
-0.0776639
-0.604738
-0.106725
-0.332381
-0.115988
0.226373
0.190551
0.447712
-0.0508798
-0.0557475
-0.0280287
0.0949413
-0.62507
-0.251134
0.0892612
0.147068
0.552575
-0.0357646
1.03931
-0.279867
-0.682876
-0.0598387
-0.389816
-0.0691217
-0.369107
0.115135
-0.0783851
0.00383767
0.196211
0.0157307
0.00840592
-0.00260447
-0.0298741
-0.134116
-0.138185
-0.119637
-0.280646
-0.150572
-0.467641
-0.0541295
-0.223542
-0.259353
0.280291
0.0922939
-0.212447
0.349898
0.223481
0.0431675
-0.00209131
-0.354519
-0.116927
-0.296496
-0.220727
-0.147376
0.176406
-0.0432922
0.0153071
-0.263036
-0.393179
-0.113385
-0.158674
-0.0629373
0.180494
-0.117449
-0.350872
0.316775
-0.205896
0.471235
0.557093
-0.0832234
-0.221245
-0.00994612
0.121755
0.502824
0.31681
0.00523887
0.137662
-0.0362418
-0.00943911
0.311809
0.143376
0.26291
-0.46371
0.375293
-0.331713
0.111652
-0.184724
-0.216316
0.142131
1.47479
-0.15804
-0.21778
0.0518473
-0.207165
-0.207625
-0.174979
0.320665
-0.095201
-0.0624755
-0.211606
-0.573619
0.0270484
0.23453
0.022173
0.00778526
-0.269097
-0.0651646
-0.0007411
-0.233457
-0.0177572
-0.215235
0.238614
-0.181141
-0.375222
-0.19617
-0.426798
-0.117513
-0.448832
0.481657
0.273536
-0.154618
0.190332
0.0297607
0.183658
-0.0733278
-0.179731
-0.07779
-0.20166
-0.0353576
0.516531
-0.496745
-0.197191
-0.200154
-0.347057
0.244216
0.124266
0.0139176
0.347579
1.21216
0.799431
0.684885
0.297694
-0.14725
0.128084
-0.00402928
-0.00712623
-0.129269
0.0316864
-0.341039
-0.223034
-0.100192
-0.0672698
0.252024
0.0971233
-0.452903
-0.23113
-0.258949
-0.22845
-0.273148
-0.0584142
-0.0100561
0.088345
-0.176495
0.139945
0.0862707
0.066886
-0.549638
-0.345991
0.0502131
-0.095821
0.0321329
-0.122024
-1.00733
0.147142
-0.008156
-0.277507
-0.891427
-0.370257
-0.370861
-0.241652
-0.122794
-0.0679711
-0.0769483
0.440052
0.318705
-0.197658
0.3078
-0.195895
0.120574
-0.241851
-0.221613
0.0423318
-0.195908
0.227726
-0.0065875
0.0146921
-0.0647868
-0.297737
0.216216
0.0540352
-0.253865
-0.128732
-0.0311037
-0.0876951
-0.0634908
-0.373982
-0.0599019
0.00950351
-0.488708
0.439617
-0.420263
-0.105148
0.0290209
0.0116246
0.01643
0.70909
-0.122335
-0.20926
0.31962
-0.940482
-0.18491
-0.273142
-0.767902
0.332955
-0.255429
0.0657583
0.685769
0.206532
0.128411
-0.0830668
0.244404
-0.083164
0.741985
0.0254471
-0.507714
-0.0825974
-0.0600827
-0.284059
-0.403476
-0.33534
-0.338876
-0.875739
-0.00733003
-0.0682321
-0.361095
-0.13596
-0.156481
-0.0290903
-0.141174
-0.136596
-0.0962792
-0.0462144
-0.0250323
0.0165847
1.0136
1.42291
1.2211
0.635083
0.578485
0.739886
0.0265854
0.0777629
-0.0405177
0.0299398
0.19351
0.036118
-0.275804
-0.333238
0.58236
0.185116
-0.627831
-0.395591
-0.209529
0.476583
-0.151646
-0.225408
0.0786326
0.0164562
-0.273418
-0.530067
-0.512088
-0.00174064
0.0195535
0.00436253
-0.0266383
-0.14554
0.204785
-0.0254708
-0.105235
-0.259586
-0.476794
-0.225954
0.366034
0.0350363
0.169172
0.302233
0.716257
0.157218
-0.166705
0.410777
0.342925
0.0201395
0.254322
1.30757
0.110735
0.26427
0.540284
0.0961795
-0.0282371
-0.656263
-0.170234
-0.092226
-0.460747
-0.244269
-0.0231544
-0.57258
0.064458
0.272706
0.0208502
0.10625
-0.0384045
-0.1141
-0.0583987
0.1804
0.214091
-0.0691753
-0.0507724
0.160539
-0.287399
-0.0102393
-0.184841
-0.0614433
-0.0369836
-0.115966
-0.0906474
-0.235183
0.328401
-0.110173
0.755491
0.260194
-0.144411
-0.38284
0.173559
-0.0211893
-0.31505
-0.448826
-0.208416
-1.01267
0.88744
-0.161459
0.463511
0.0602699
0.205762
0.0508101
0.517375
0.138303
0.342022
0.0773754
-0.391434
0.00717858
-0.204771
-0.0109954
-0.015543
-0.0216169
-0.00330263
-0.221442
-0.348597
-0.0791813
-0.25774
-0.177053
-0.0547868
0.00449116
0.186338
-0.559731
-0.000419089
0.0309759
-0.0873225
-0.0193914
-0.361153
0.0725506
-0.250582
-0.0153598
-0.0269733
0.0906107
0.0343948
0.0830668
-0.332103
-0.155369
-0.0213607
-0.0899519
0.920924
1.49737
-0.109737
0.140231
0.25814
-0.232092
0.509838
-0.279841
0.0307346
0.0867344
-0.383958
0.12728
0.151848
0.154216
-0.201529
0.0158584
-0.495409
0.0626764
-0.206881
0.0640379
0.0341896
0.0897314
0.538674
0.0399449
-0.281855
-0.334096
0.0370108
-0.0643173
-0.0926638
-0.474945
-0.431521
-0.287215
0.157169
0.00371193
0.0128258
0.107263
-0.216638
0.075251
-0.133466
-0.00176902
0.390446
-0.0174694
0.338713
0.133642
0.031666
-0.179135
-0.0642938
-0.234811
0.0317807
-0.0237143
-0.215963
-0.628348
0.0270438
-0.262454
-0.255966
-0.214003
-0.194684
-0.103829
0.0861656
0.00829511
-0.491325
-0.329978
0.0012868
0.255627
-0.00357119
0.160231
0.482603
-0.321664
-0.152299
0.322406
0.0386294
-0.417979
0.161424
0.0878266
-0.204481
-0.149869
-0.0656788
-0.326671
0.310273
-0.361521
-0.237817
0.0583924
-0.0579054
0.0667486
0.212484
-0.142668
-0.223561
0.0047504
-0.032867
0.148238
-0.108601
-0.00235074
-0.424185
-0.319117
-0.216561
-0.258806
-0.390304
-0.262738
0.288178
-0.140022
-0.247468
-0.0095161
0.00975203
0.348027
0.118648
-0.193758
0.0427801
0.431183
-0.0883099
0.0975466
0.0353781
0.31914
1.26001
-0.0391269
0.0104788
0.123932
0.451336
0.0171799
0.0530011
-0.214035
-0.30928
0.0940673
0.0373463
-0.0594178
-0.231655
0.055126
-0.284242
-0.0510833
-0.0787243
-0.184662
0.322319
-0.0797279
0.00504997
0.0564381
0.194301
0.368584
-0.264918
-0.00682152
-0.0613164
0.792793
0.49809
0.560647
0.802965
0.179281
0.0708445
0.120353
0.572269
-0.108528
-0.0919824
-0.21649
-0.190808
-0.0553424
-0.192842
0.0834391
0.0782631
0.757429
0.344676
0.0503218
-0.317993
-0.144158
-0.144026
0.107981
0.485574
-0.975414
-0.267204
0.164105
0.473661
0.232244
-0.0355273
-0.126982
0.174679
0.172089
0.0389002
1.45645
1.06055
-0.0773203
-0.0509108
-0.0343042
0.0205122
-0.162417
-0.0727859
-0.0595857
-0.237648
0.0167802
-0.262982
-0.293712
-0.186699
0.0596113
0.0934258
-0.116716
-0.0183394
0.283632
-0.483623
-0.0788783
0.0601838
-0.0395585
-0.110077
0.775666
-0.201583
-0.00757507
-0.0249939
-0.0166185
-0.082561
-0.304936
0.0748148
-0.246124
0.00755911
0.00836063
-0.119497
-0.071279
0.202689
-0.0324192
-0.0301584
-0.198073
-0.425235
-0.0246176
0.0733655
-0.637992
0.0454813
-0.400163
-0.194543
-0.36244
-0.167819
-0.179524
-0.290359
-0.157352
-0.529662
-0.0222764
-0.0449671
-0.0490272
-0.28
-0.0185712
0.256558
0.167136
0.0168026
-0.168057
-0.217098
-0.079426
-0.174262
0.836685
0.0632357
-0.113188
-0.622927
-0.331814
0.0382787
0.665567
0.146894
-0.191779
-0.300028
-0.0595295
-0.155492
-0.253499
-0.0266694
0.712162
-0.190739
0.106455
0.368854
0.105663
0.08861
-0.349396
-0.341672
-0.204773
-0.148088
0.109306
-0.511175
0.830255
-0.0750137
-0.000685535
0.14794
-0.120271
-0.13998
-0.282694
-0.16655
0.134209
0.0354378
0.111112
-0.0115075
-0.226179
-0.11358
0.223213
0.999623
0.161722
0.204617
0.0626526
-0.374868
0.182955
-0.140505
-0.199197
-0.0177287
0.133074
-0.190384
-0.379537
-0.0583851
-0.0652522
-0.349171
-0.304269
-0.0690809
0.0648599
-0.0151665
0.0314745
-0.222494
-0.107179
-0.140052
-0.0996159
-0.31811
0.0513999
1.20939
-0.211269
-0.266194
-0.0769134
0.369273
0.286538
-0.105217
0.287627
-0.0288662
-0.374011
-0.490638
-0.218228
0.542284
0.833339
0.223554
0.21242
-0.0243854
-0.25639
0.421485
0.178286
-0.043924
-0.146557
0.448732
-0.359521
-0.495162
-0.134661
0.146234
-0.0249186
0.28087
-0.109245
-0.177365
-0.145696
0.53912
0.16855
-0.416045
-0.0703084
-0.323266
-0.328816
-0.246728
-0.254153
0.785216
-0.01319
0.0938189
-0.277924
-0.366586
0.900978
-0.0914103
0.380879
0.294159
-0.272648
0.0745517
0.3923
0.0619947
0.00666558
0.068537
-0.0581967
-0.1595
-0.424241
-0.362737
-0.132823
1.21615
0.159526
0.510232
-0.4076
0.00711976
-0.00319104
-0.0805021
0.187047
-0.0699168
-0.0217513
-0.271954
0.405657
0.327258
0.254523
-0.181403
0.0944494
0.139314
0.237944
-0.122235
-0.370825
-0.191548
-0.159362
0.430781
-0.212708
-0.234885
-0.46729
-0.0909471
0.042473
0.0862546
-0.022256
-0.18261
0.724407
-0.0290606
0.0250969
0.0415109
0.0275211
-0.137713
-0.238022
0.0430889
-0.180736
-0.0339309
-0.208256
-0.311367
-0.0575132
-0.295635
-0.0136699
0.379503
0.144016
-0.201022
-0.509164
-0.0893381
-0.145845
-0.0153425
0.152186
-0.107241
0.124744
0.465668
0.0125372
0.0200171
0.167023
0.370338
-0.0081752
-0.0527866
-0.0246884
0.0160987
0.229013
0.227682
0.0502936
0.268794
-0.0242009
-0.00365981
0.0261908
-0.255491
0.0316264
0.0106372
0.282866
-0.0508077
0.116744
0.582188
0.234804
-0.022763
0.0103125
-0.272245
-0.341013
-0.0197441
-0.0490288
0.058875
0.0634756
-0.503488
0.00856626
-0.00652272
-0.173795
0.0263289
-0.0289959
0.0222937
-0.205265
-0.460227
-0.246309
0.00845523
1.16438
1.39239
0.0108852
-0.160976
-0.0981507
0.695793
0.00254226
0.220429
0.00832543
-0.137365
0.0512624
-0.0182111
-0.234726
0.138421
-0.942701
-0.0495757
-0.463313
-0.0993915
-0.186775
0.0826871
-0.330222
0.23065
-0.473016
-0.189763
0.0321525
-0.266876
0.160603
-0.0131705
-0.366011
-0.541278
0.303912
-0.0319773
0.145793
0.12014
0.0233482
0.105
0.181734
0.0185327
-0.0412174
0.216077
-0.0459884
-0.695274
-0.374335
-0.16465
-0.577089
-0.345747
0.0637698
0.169611
-0.0444942
0.0263823
0.147074
0.294862
0.0908074
-0.0185398
0.426377
-0.185707
-0.125806
-0.266448
-0.0581475
0.120315
-0.170869
0.200061
0.231394
-0.303407
0.0528237
-0.214406
0.312716
0.404787
1.2514
-0.882102
-0.553833
-0.136513
-0.505716
-0.164447
-0.326678
-0.0398416
0.064458
-0.0412546
-0.269958
0.152105
-0.0509301
-0.149885
0.0128282
0.129542
-0.119889
-0.0261166
-0.0673102
-0.243319
-0.31962
0.0366955
-0.303871
-0.135995
-0.389475
0.39647
-0.0199193
-0.0486504
0.0205448
0.00498242
-0.294797
0.0194435
-0.317313
-0.0233938
0.24851
-0.331103
-0.473819
-0.213277
-0.423425
-0.397671
0.489149
0.188491
-0.165337
0.0111915
-0.0256686
-0.144899
-0.189934
0.109699
-0.615089
0.426815
0.261137
0.139146
-0.501731
-0.682108
1.04019
0.179817
0.132164
-0.0903108
-0.264343
-0.821198
-0.134064
-0.575106
-0.153295
0.0124537
-0.0997485
-0.611976
-0.442142
0.0328986
-0.300341
-0.0510733
-0.185799
-0.483535
0.0342141
0.0737546
-0.0516033
-0.0314559
0.00555609
-0.134193
0.00269469
-0.0992018
0.013364
0.128699
-0.263028
-0.413721
-0.238776
-0.242377
-0.164332
-0.290689
-0.121388
-0.123133
0.200481
-0.468769
0.317756
0.174743
0.0816034
-0.182158
-0.00476596
-0.0357659
-0.110284
-0.0961733
-0.159398
-0.180456
-0.15315
-0.12998
0.1212
0.365147
0.340825
-0.7196
0.0333679
0.0566626
0.0643054
0.147639
-0.176464
0.39773
-0.00711973
0.208423
-0.306831
0.184144
-0.136507
-0.260066
-0.0309032
-0.0313329
-0.170559
-0.249016
-0.126395
0.12038
-0.279414
-0.940522
-0.178921
-0.339697
-0.0213981
-0.13509
-0.0563966
-0.157633
-0.096167
0.290347
0.242441
0.349059
-0.456963
-0.413305
0.0254941
-0.175351
-0.0122041
-0.124337
0.0474501
-0.231673
-0.279998
-0.222428
-0.208897
0.267749
-0.206335
-0.176091
-0.229039
0.159113
-0.119953
1.12413
0.45942
0.331466
0.219412
-0.411472
-0.251099
0.010945
0.0738296
-0.271902
-0.671829
-0.60206
-0.341972
0.255467
-0.049974
0.0601091
-0.346419
-0.0888433
-0.17213
-0.154766
0.13381
0.102044
-0.0525222
-0.0302848
-0.459179
-0.225062
0.396482
-0.116003
-0.116144
0.16295
-0.350595
-0.1733
0.0870753
-0.0460188
-0.151474
-0.124762
-0.0689218
-0.160177
-0.315165
-0.370997
-0.369278
0.067986
-0.374807
-0.48601
-0.489394
-0.447719
0.0812481
-0.118201
-0.0252835
-0.140046
0.178343
0.214997
-0.213541
-0.0655158
0.174004
-0.500119
-0.0975973
-0.16323
-0.227682
-0.682164
-0.276004
-0.135028
0.329498
0.785232
0.521633
-0.17706
-0.118099
-0.262334
-0.108763
-0.209208
0.191146
0.534663
-0.0202034
0.17515
0.291848
0.0886228
0.0371153
-0.0957185
-0.0819778
-0.299558
-0.469383
-0.0926427
0.226266
0.897966
-0.10341
-0.829121
-0.153584
-0.617026
-0.0298807
-0.488385
-0.106053
0.260842
0.0426443
0.119787
0.222846
0.00523887
-0.112297
-0.533723
-0.269047
-0.149124
-0.0243944
0.346555
0.183708
0.0214879
0.0465648
0.287304
-0.219372
-0.151997
-0.0117611
-0.550399
-0.116415
-0.262597
0.185304
-0.468095
0.0788118
-0.0915207
0.296913
-0.189237
-0.126587
-0.161907
-0.360022
0.539699
0.097656
-0.046341
0.0637327
-0.0210333
0.299463
0.0249261
-0.152454
-0.299121
0.264709
-0.184964
-0.0894664
-0.307044
-0.219822
-0.0716459
-0.496314
-0.117069
-0.0705811
-0.365496
-0.122282
-0.132583
0.168873
-0.351332
-0.143091
-0.182515
-0.250085
-0.273401
-0.214045
0.682339
0.164441
-0.248511
-0.170765
0.126982
-0.170516
-0.129858
-0.158068
-0.188633
-0.19603
-0.00845249
-0.0585855
-0.20374
-0.198622
-0.198013
-0.161206
-0.41765
-0.0955865
0.0468419
-0.124167
0.987955
-0.134314
-0.117992
-0.09337
-0.195158
0.0503117
0.109016
0.433331
0.847006
-0.101761
-0.149839
-0.205381
-0.188428
-0.0729447
-0.483051
-0.216111
0.224698
-0.274803
-0.974034
-0.267847
-0.30553
0.218431
-0.00100183
-0.0870603
-0.0518769
-0.252663
-0.263757
0.0292608
0.116429
0.463498
-0.144726
-0.0394006
-0.251795
0.074258
0.084022
0.049083
-0.148351
-0.253205
-0.355708
-0.422419
-0.118203
0.100228
0.0602678
0.183273
-0.101906
-0.090878
0.114604
0.0330003
-0.0606363
-0.226732
-0.0381462
-0.218395
-0.0218092
-0.0945561
0.722276
0.0398715
0.0396288
-0.100811
-0.101458
0.522817
-0.0115357
-0.0585832
-0.40711
0.940129
-0.0882764
-0.301894
0.730042
0.0326457
-0.130775
-0.0916978
-0.0601714
0.0551158
0.0350336
0.00640248
-0.138875
-0.167079
-0.092397
-0.0113104
-0.0553842
0.625253
0.572203
0.245188
0.0342096
0.0543969
-0.501302
-0.23757
-0.339766
-0.397503
-0.261363
-0.0241732
-0.0303273
0.0517954
0.356308
0.0261778
-0.363178
-0.186721
-0.262138
0.0703178
-0.0753093
0.0441288
-0.0414833
0.57979
-0.263625
-0.0453356
0.0300125
0.213267
0.123155
-0.239763
-0.108005
-0.705621
-0.68854
-1.09163
-0.968134
0.0105502
0.0382152
-0.161413
0.356532
-0.0557878
-0.419811
-0.251592
-0.0611807
-0.0528772
-0.435515
-0.650376
-0.135463
-0.0189082
0.26931
0.0950789
-0.0168108
-0.062822
0.167866
-0.265932
-0.0760795
-0.379055
-0.145615
0.36206
0.441089
0.0728047
-0.46697
-0.0348071
-0.268015
-0.130657
0.335001
-0.124643
-0.673363
-0.0886545
0.307934
0.0578641
0.917836
0.444173
-0.150707
-0.0317434
-0.744879
-0.213714
0.127718
0.346335
0.053861
-0.364699
-0.178296
0.148262
0.236628
0.28917
0.150338
0.0865051
-0.0337802
-0.00806762
0.11412
0.240549
0.27159
-0.153326
0.116032
-0.159616
-0.594751
0.258211
-0.354741
-0.209658
-0.573377
-0.59869
0.0635511
0.126686
0.795728
0.130356
0.180641
0.192913
0.136674
-0.0697325
0.455123
0.0292296
0.291797
0.965481
-0.130277
0.421784
0.0879997
0.268474
0.151268
-0.233899
-0.518357
-1.01382
-0.23869
-0.0431953
-0.633222
-0.258589
-0.242555
0.610114
-0.0885431
-0.431662
-0.231544
-0.175048
-0.226287
0.0681158
-0.0703564
-0.0333169
-0.196295
0.0573043
-0.0990761
0.429022
-0.0498663
0.253885
0.375595
-0.0481326
-0.184629
0.194166
-0.140651
-0.0275954
0.00924065
0.0982045
-0.0728916
-0.381947
-0.29644
-0.196459
-0.594639
-0.132878
-0.0800124
0.0168679
-0.0265978
-0.162019
-0.29285
-0.277778
0.106321
-0.114649
-0.19485
-0.434778
-0.0255541
-0.18997
-0.282761
-0.540481
-0.0915048
-0.665037
-0.329901
-0.535472
-0.264198
-0.265051
-0.0148703
0.00336664
-0.218095
-0.265399
-0.144244
0.253129
-0.0823248
-0.339319
0.367566
-0.0076159
-0.0719704
-0.898479
0.647683
-0.347487
-0.223991
-0.211936
-0.153252
-0.126541
-0.220988
-0.234712
-0.256723
-0.0836742
0.0365885
0.0611205
-0.174457
-0.25305
0.816615
1.01581
0.658836
0.0410792
0.874553
0.134214
-0.00234754
-0.499243
-0.390128
-0.0734828
-0.0487778
0.937136
0.193261
-0.0346593
-0.12552
-0.0137398
-0.0557299
0.45867
0.873726
0.0203659
0.405349
0.38297
-0.440185
-0.301313
0.129273
0.0261846
-0.0205679
0.0586742
-0.0443119
0.277828
-0.321602
-0.234766
-0.156756
0.0974492
-0.279909
0.18336
0.323096
0.176849
-0.180509
-0.38205
-0.346946
-0.0488984
-0.253085
-0.172568
-0.0254517
-0.0823596
-0.163702
-0.0441928
-0.634319
-0.689729
-0.285288
0.0599979
-0.00748799
0.134699
-0.164447
-0.230554
-0.484035
-0.516498
1.19173
0.877187
0.0173355
0.209168
-0.0336537
0.00560388
-0.269338
-0.223204
-0.0865423
-0.152995
0.0391587
-0.3619
-0.499387
0.00295943
0.213572
0.0740348
0.144244
-0.0289637
0.158696
0.240152
0.0187889
-0.0635742
0.157752
-0.253434
-0.108533
-0.0420848
-0.22628
-0.237958
-0.0799425
-0.174995
-0.329342
-0.0491068
0.0934381
0.894059
0.867663
0.111571
0.273781
0.141966
-0.0540969
0.335095
-0.371662
0.0712991
-0.171502
-0.160396
0.0758838
0.0767123
0.0901131
-0.171682
0.166754
-0.558097
-0.110767
1.06833
0.291381
-0.0298019
0.0638166
-0.32016
0.0692005
-0.0462673
0.186321
-0.307724
-0.492866
-0.343975
-0.302209
-0.0727246
-0.158662
-0.865612
1.15106
-0.0866655
-0.139662
-0.42108
1.0682
0.261651
-0.185379
-0.231857
-0.263138
0.351295
0.0343585
-0.464183
0.0351136
-0.75838
0.00413864
-0.304987
-0.265547
-0.327446
-0.232118
-0.308308
-0.221774
-0.286562
-0.152489
-0.0468812
-0.305747
-0.264757
-0.0173629
0.367596
-0.0705264
-0.105235
-0.521831
-0.47494
-0.342271
-0.153077
-0.441553
-0.0808647
-0.0774763
0.196495
0.0341066
0.514396
0.142085
-0.00396125
-0.15099
-0.0566672
-0.532329
-0.341693
-0.0609974
0.0144998
0.44663
0.0833213
0.140804
0.359775
-0.0888127
0.0279467
0.496278
-0.071079
0.0575657
0.54392
-0.19608
-0.0517474
-0.173712
-0.0866928
-0.205058
-0.240893
-0.257575
0.277799
0.0501308
0.139974
-0.000705007
-0.00177222
0.313563
-0.158666
-0.279803
-0.0785287
-0.117478
-0.279865
-0.307032
-0.0721002
-0.102693
0.0402946
0.0993671
0.16321
0.402861
0.0508035
-0.369106
-0.0241732
-0.0531149
0.314581
-0.013046
-0.852378
0.103886
-0.70293
0.142823
0.0824005
-0.301522
0.0775455
-0.186124
-0.488198
-0.407724
-0.173941
-0.132717
-0.141049
-0.178334
-0.145602
-0.031754
-0.432378
0.214488
-0.00166078
-0.930684
-0.00521681
-0.0435941
-0.0218102
-0.057846
-0.149049
-0.131279
-0.0871502
-0.112182
-0.0642493
-0.112683
-0.0324679
-0.0575237
-0.0961836
-0.364744
-0.207558
0.000441597
0
-0.332857
-0.27372
-0.179644
-0.342956
-0.17661
-0.677679
-0.00970848
0.158144
-0.0470316
-0.335851
0.774656
0.0112983
-0.0283138
0.141062
-0.324407
0.300664
-0.269589
-0.187739
-0.0718257
0.153129
0.20382
0.0156392
0.286047
0.171935
-0.694819
-0.150458
-0.29928
0.224442
0.00244121
0.35837
0.0862104
0.0510492
0.0101918
0.728636
-0.0915463
-0.115956
-0.256779
0.452627
-0.284622
0.126592
-0.273818
-0.602912
-0.20968
0.413288
0.449969
0.349118
0.183251
-0.105974
-0.0622968
0.00958039
0.191416
0.0315467
0.006656
0.285108
0.76347
0.695663
-0.00840705
-0.187387
0.190011
-0.348027
-0.0506139
-0.344675
0.901306
-0.0503128
-0.104034
-0.204567
0.0220936
-0.0380092
0.0194214
-0.214479
-0.188993
0.422106
0.372692
-0.29072
-0.608095
0.054621
-1.10379
0.528393
0.626626
0.63115
0.264065
0.342549
-0.0919579
0.510776
-0.166815
-0.170534
-0.311259
-0.26125
-0.0932168
0.0871502
-0.166437
-0.0732319
1.18803
-0.0360964
0.790758
0.329395
0.220701
0.101268
-0.266268
-0.133871
0.0514361
0.11308
0.642224
0.619364
0.172603
-0.271024
-0.397756
-0.266341
-0.0459137
-0.162499
-0.0278637
0.0330291
0.129331
-0.00759717
0.430412
-0.0437579
-0.229652
0.106831
-0.260117
0.493385
-0.175827
0.175227
-0.406722
-0.183473
-0.482618
-0.0556658
-0.224562
-0.306044
0.152403
-0.728092
-0.0227205
0.0839203
-0.190716
0.0993393
-0.119083
-0.138427
1.16462
1.2394
-0.389677
-0.270084
0.448058
0.567444
0.347878
1.26554
-0.0319625
0.171114
-0.0665729
-0.0344926
0.1037
-0.184586
-0.0940399
-0.0625214
-0.255103
0.392788
-0.475066
0.147908
0.133138
-0.6519
0.619079
-0.295492
-0.498472
-0.477415
-0.278057
0.241283
-0.1886
-0.253665
-0.358696
-0.338626
-0.365412
-0.328158
1.14816
-0.110164
1.2196
-0.405244
0.239462
0.144236
-0.318759
-0.407982
-0.280709
-0.33469
-0.238947
-0.103149
-0.0851364
-0.512822
0.09187
0.0164525
-0.172206
-0.0658325
-0.677281
0.326256
0.013486
-0.09691
-0.0127914
-0.0188853
0.0112323
0.10424
-0.329675
0.753865
-0.2291
-0.26328
0.286123
0.564397
0.384791
-0.00907173
-0.0799203
0.167649
-0.80338
-0.266324
-0.132341
0.246851
-0.0030107
-0.122546
0.0354723
0.107565
-0.0877814
-0.141479
0.200892
0.152367
0.0755225
-0.0836299
-0.431938
-0.742752
0.308005
0.514277
-0.286552
-0.146586
-0.0530545
-0.0351686
0.0095032
-0.0932909
-0.167655
-0.325329
-0.13295
-0.0435606
-0.118784
0.0398008
0.405065
-0.0377886
-0.211508
-0.342528
-0.134699
-0.152213
-0.223703
-0.552203
-0.263864
-0.0349696
-0.256605
-0.212178
0.110593
-0.573075
-0.200742
-0.136243
-0.161178
0.0568229
-0.249468
-0.057462
-0.162774
-0.0990995
-0.556794
0.222103
0.122533
-0.313556
-0.109427
0.0204572
-0.234647
-0.209027
-0.0568301
0.528021
-0.126019
-0.0286669
-0.561961
-0.32469
0.0682899
0.177744
0.641682
0.315515
0.0591492
-0.462373
-0.0964459
0.163304
0.243779
0.0990684
-0.0937075
-0.0545948
0.00386836
0.0186052
0.0505443
-0.0287718
-0.0176733
0.0872991
0.169848
-0.0838197
-0.107048
-0.123666
0.00269582
-0.121231
-0.121786
0.102489
-0.167759
-0.0711522
-0.0765828
-0.0523189
-0.234113
-0.0274358
-0.716948
-0.101332
-0.100963
-0.28094
-0.375491
-0.0497716
-0.199147
-0.0124016
-0.207894
-0.00791087
0.170166
-0.00813962
-0.0864085
0.115957
0.279549
-0.329879
-0.0950548
-0.0626403
-0.119809
-0.00720837
0.794897
0.818956
0.198152
-0.369628
-0.757678
-0.215168
0.161806
0.356658
-0.0330003
-0.253935
0.0318764
0.453422
-0.313563
-0.0749067
0.104124
0.141772
0.194343
-0.628859
0.107226
-0.158357
-0.14211
0.179457
0.0702167
0.165224
0.417347
-0.577756
0.106818
0.843598
0.667128
-0.083669
-0.062209
-0.373313
-0.189234
0.249532
-0.17406
-0.00915944
-0.124657
-0.0238946
-0.245027
-0.341432
-0.199117
-0.0121121
-0.167739
0.0475823
-0.00730605
-0.0738101
-0.330857
0.160539
0.507477
0.584993
-0.029426
-0.231567
-0.137569
0.0246475
0.433023
0.181124
0.111922
-0.333045
0.155213
0.119425
-0.0163904
0.313475
0.203888
-0.0639098
-0.187409
0.0445309
0.191625
-0.174688
0.030847
-0.0546251
-0.0750519
-0.305666
-0.225097
-0.112395
-0.0824986
-0.225871
0.973708
-0.165105
-0.0794554
0.0492728
-0.355448
0.00376018
-0.46203
0.554086
-0.222649
-0.172328
0.154139
0.0106116
-0.0314464
1.14983
0.17526
-0.00109532
-0.0939045
-0.187971
-0.227016
-0.401978
-0.297516
0.0983701
-0.291907
-0.387059
0.173271
-0.181844
-0.30686
-0.176746
1.17822
0.063387
0.0427365
-0.172475
-0.470398
0.0357857
-0.0758435
0.130593
0.177989
0.0358914
-0.572051
-0.0176103
-0.337293
-0.105176
-0.711754
-0.178383
0.0137384
-0.251486
-0.476618
-0.058263
-0.194414
-0.509229
-0.22003
0.0862091
0.0577859
-0.137793
-0.131539
-0.186018
0.0574869
0.0477728
-0.108088
-0.327701
-0.277055
-0.34714
0.190167
0.107867
0.489953
-0.148345
-0.616691
-0.0246437
0.183887
-0.180677
-0.16002
0.0807519
-0.101749
0.176091
0.155114
0.10229
-0.180476
0.204611
0.511505
0.0509647
0.287332
-0.184959
0.280698
-0.154084
-0.0256959
0.19972
-0.261261
0.178669
-0.321946
-0.0488906
-0.174875
-0.559152
-0.0726544
-0.141424
-0.152847
-0.751687
-0.588252
0.199617
0.246967
0.037363
0.139312
0.0531311
-0.061763
0.22587
-0.0200783
0.0188689
-0.0934769
-0.80741
-0.478352
-0.00418711
-0.0673647
8.84175e-05
-0.223858
-0.268216
-0.272746
-0.131191
0.0601405
0.623977
0.387569
0.756434
-0.129177
-0.0616342
0.149809
0.101671
-0.182622
0.850661
0.162465
0.18995
0.163427
0.13292
0.057992
-0.317663
-0.0305251
0.966486
0.241032
0.201071
-0.619017
-0.0629151
-0.185089
0.0210612
-0.267615
-0.0575002
0.48902
-0.138449
0.103061
0.271188
0.445697
-0.0653048
-0.131166
0.0771251
0.150419
0.0714356
0.107237
0.0786387
-0.240129
-0.145883
-0.114041
-0.0546396
-0.0913019
-0.374503
-0.0792941
0.0633469
-0.237566
-0.125727
-0.226721
-0.229163
0.0224052
-0.0222566
0.516744
-0.00454764
-0.0159758
-0.054437
-0.0598206
0.0118182
-0.221849
-0.176091
-0.437071
-0.0598255
0.697386
0.0809575
-0.0566521
-0.220862
0.925366
-0.0530482
-0.0189424
0.137726
-0.289656
0.218784
-0.221367
-0.128996
0.101499
0.890271
-0.455582
0.110631
-0.283843
-0.223425
0.166388
-0.373203
0.290575
0.0445528
-0.170371
0.126452
-0.179835
0.0608649
-0.153104
-0.478917
0.0311198
0.085005
-0.437273
-0.484958
-0.293282
-0.11776
-0.372469
0.059654
-0.195654
-0.0884454
0.0538251
-0.34901
-0.0563635
0.0779151
-0.338759
-0.0366711
0.716482
0.14413
0.0683489
-0.00223291
-0.200915
-0.297837
-0.385009
-0.142249
0.117304
-0.219889
-0.382362
0.464976
0.260664
-0.314305
-0.530433
0.292689
-0.196211
0.0335488
0.48697
0.475974
-0.0224735
0.00160553
-0.0886963
-0.072148
0.279807
-0.247155
0.161901
-0.0972212
-0.0617769
-0.0363944
-0.0474246
-0.364082
-0.112435
-0.120099
0.249977
-0.405362
0.822585
0.0399188
-0.280197
-0.192411
0.0826257
-0.591821
-0.1429
0.0122922
0.194575
-0.0267858
-0.137944
-0.298611
0.195604
-0.258438
-0.146699
-0.0476417
-0.326509
-0.0632883
-0.0294788
-0.216019
-0.627035
-0.088859
0.0436995
-0.0943094
0.324811
-0.530532
-0.263241
-0.256448
-0.490517
-0.355788
-1.03034
0.156786
-0.426182
-0.230742
-0.260661
-0.0303826
-0.0183263
-0.0816442
0.681739
-0.0277422
-0.398474
-0.431111
0.0901766
-0.44763
-0.325243
-0.0763463
-0.0351823
0.473671
-0.0133748
0.267225
0.368326
-0.336704
-0.306008
-0.0821981
-0.202127
-0.360254
-0.149324
-0.382665
0.029787
-0.146583
-0.273193
0.112395
0.188416
0.726717
0.695155
-0.663067
-0.115011
0.378646
0.738193
1.00491
-0.271546
-0.187011
-0.252296
0.282432
-0.294596
-0.0437051
0.528743
-0.282781
0.0654095
0.0621479
-0.0514757
-0.0605575
0.0689963
0.84249
0.751344
0.0708214
-0.367367
-0.633195
-0.115094
0.0951654
0.0585512
0.0413231
-0.353413
0.0671325
0.146164
-0.335107
-0.119696
0.0138012
-0.190549
-0.371444
-0.0758172
-0.243853
-0.101905
0.0478118
-0.0399735
-0.173359
-0.131688
-0.155355
-0.0545441
-0.0308442
-0.416648
-0.230003
-0.125196
0.0318891
-0.124548
0.0804063
-0.131122
-0.292163
0.0747108
-0.465938
0.214219
0.0523399
-0.271784
-0.576834
-0.793262
-0.0376548
-0.114768
0.0672275
-0.531161
-0.486409
0.633778
-0.139265
0.244263
0.333529
-0.0767644
-0.171682
-0.132777
0.0637229
0.0177134
0.310044
0.219188
-0.238823
0.139804
-0.309707
-0.157406
0.729036
-0.281935
-0.184366
-0.495368
-0.175236
-0.477637
-0.123147
0.0746632
0.352948
0.0392043
-0.049974
-0.0416894
-0.118552
-0.230983
-0.0727944
-0.393138
-0.264118
0.0897953
-0.186437
-0.203519
-0.188154
0.726035
-0.573238
-0.155899
-0.401997
-0.0197556
0.315068
-0.00521205
-0.220566
0.0731071
-0.150302
0.517599
-0.0942257
1.00843
0.507856
-0.0816258
-0.0334122
-0.189439
-0.0872354
-0.0476021
-0.177314
-0.288536
0.0408856
-0.446986
-0.221673
-0.0703321
-0.558089
-0.155753
-0.0327363
-0.252963
0.112976
0.146942
0.416361
-0.113755
0.0876497
0.480664
0
-0.175464
0.160579
0.570357
1.06227
-0.0573413
-0.483915
-0.158717
0.065431
-0.777776
-0.17491
-0.315219
-0.363931
0.0991944
-0.0952202
0.156522
-0.442806
-0.39006
0.257678
0.495846
0.114697
0.0983289
-0.0285311
-0.291954
-0.130388
-0.437459
-0.200334
-0.519828
0.183847
-0.132219
0.25597
-0.174243
0.00235394
-0.094477
-0.282133
-0.14641
0.614847
0.652087
-0.0880113
-0.0776585
-0.0903926
-0.225531
-0.253685
-0.280639
0.0467115
1.06459
-0.00837218
-0.122315
0.0184834
-0.065813
0.198008
0.391954
0.316743
1.119
0.804809
0.184301
-0.0188481
-0.37899
-0.5011
0.0983601
0.282431
0.0371997
-0.436055
-0.0834881
-0.249798
0.408043
0.283898
0.366127
0.731721
-0.525064
-0.0786064
-0.0251607
0.361781
-0.378239
1.08588
0.384807
0.0829226
0.0714572
-0.0249377
0.24176
-0.069748
0.233195
-0.205956
0.108577
-0.265006
-0.214935
-0.0722858
0.283473
-0.174557
0.0796052
0.0585056
0.0563793
-0.136647
0.0672471
0.00648215
-0.187489
-0.125347
-0.431191
-0.0555173
-0.00897897
-0.239075
-0.266702
0.0731633
0.0105183
-0.125161
0.121004
-0.0373297
0.0770902
0.394821
-0.0817646
-0.161118
0.12661
0.117405
0.473959
-0.248617
-0.192068
0.0795009
0.363652
0.20005
0.67249
-0.0166417
0.211637
0.0314929
-0.734547
-0.422394
0.13123
0.0550476
0.21211
0.14842
-0.100147
-0.159701
-0.184871
0.241504
0.0745976
-0.00556398
-0.432885
-0.492275
-0.0781916
-0.23131
-0.0128236
0.00940067
-0.24895
-0.0595984
-0.235084
-0.271872
-0.118654
-0.166051
-0.0878484
-0.0651447
-0.0330003
-0.419712
-0.413395
0.222907
0.0039662
0.0771755
-0.233357
0.167875
-0.211426
-0.0531598
0.0871758
-0.524368
0.230299
-0.297554
-0.136825
0.0417256
-0.0877578
0.0211228
1.3494
1.00666
0.044732
0.0292538
-0.0268409
-0.121398
-0.177739
-0.0919888
0.196398
0.091515
-0.124939
-0.00129911
-0.0561283
-0.200806
-0.191953
-0.585418
-0.179445
-0.112696
-0.0772539
0.252975
-0.0727682
-0.0804009
0.267199
-0.361776
-0.204247
-0.0412522
-0.279144
-0.281434
0.579687
-0.0686887
0.0734777
-0.312494
0.0058122
-0.107354
-0.19044
0.73196
-0.156149
-0.141525
-0.0956849
-0.343722
-0.0349071
-0.346284
-0.404236
-0.263995
0.161683
0.155392
0.267124
0.446691
-0.0338583
0.00172683
-0.223586
0.00824111
-0.155779
-0.00427878
-0.750014
1.00467
-0.347791
-0.11577
-0.291282
-0.545195
0.141932
0.0444663
-0.370677
-0.187583
-0.591527
-0.507961
-0.195841
-0.102183
-0.452969
-0.12761
-0.0311632
0.138303
-0.0878028
-0.029049
-0.230675
-0.0278044
0.205048
-0.0436802
0.172814
0.12311
-0.18379
-0.00459572
-0.0790171
-0.208657
-0.0936405
-0.0516132
-0.116459
-0.324366
-0.192516
-0.052178
-0.0362735
-0.148554
0.00302648
0.149963
0.335472
-0.0255041
-0.352183
0.127738
0.37115
0.0138986
-0.243573
0.0157465
-0.0814224
0.1235
-0.018265
0.00824111
-0.326735
-0.428135
-0.437371
0.148212
0.30253
-0.0852472
-0.0691889
1.2955
-0.663309
0.135528
-0.285418
-0.662194
0.109628
0.142107
-0.143942
-0.0691569
-0.338128
-0.0204068
-0.340376
-0.100966
0.0299633
-0.0881361
-0.258243
-0.168355
0.0783048
-0.152218
-0.0816638
-0.307013
-0.0389024
-0.112925
-0.319511
0.22651
0.0644447
-0.522766
-0.346951
-0.423687
-0.645974
-0.232048
0.0862104
-0.0176348
0.880257
0.216176
0.101632
0.0374197
0.301836
-0.00651578
-0.434096
-0.131946
0.565313
0.427943
0.457874
0.144853
0.0670115
-0.0087951
0.11731
0.0388716
0.32101
0.32195
0.136814
-0.438492
-0.140052
-0.0447463
-0.0951694
-0.398759
-0.291887
-0.141877
0.256416
0.297277
0.242279
-0.030405
-0.0821868
-0.153558
-0.135918
0.16611
0.22458
0.0583141
-0.193341
0.0757207
-0.107496
0.20142
0.00245017
0.496696
0.471157
-0.248578
-0.0372648
0.144492
-0.0646641
-0.509584
-0.413618
-0.204437
0.153361
-0.0740471
-0.385039
-0.0486053
-0.470437
-0.741107
0.216709
-0.179646
-0.206993
-0.163665
-0.51965
-0.228738
-0.480019
-0.561766
-0.478567
-0.00619085
-0.0731722
-0.0920512
-0.60296
-0.0296484
-0.288198
-0.116401
-0.10009
-0.219026
-0.372753
-0.11817
0.417524
0.0329623
0.207512
-0.466916
-0.426528
-0.160398
-0.125656
0.0905692
0.551278
1.34427
0.00698396
0.16197
0.297782
-0.160162
-0.121561
-0.335173
-0.104059
-0.0362919
-0.00779025
0.00481661
-0.212428
-0.02528
-0.346272
0.191578
-0.0985009
-0.110265
0.0191583
-0.0478117
-0.461216
-0.195737
-0.40307
0.208986
-0.301567
0.392875
0.13471
-0.909993
-0.0687158
-0.109895
0.213213
-0.0559288
0.0783548
0.047179
-0.102245
-0.0785948
-0.150813
0.01352
-0.174635
-0.0802483
-0.418301
-0.119544
-0.4993
-0.192746
-0.0541456
0.477331
0.0802766
-0.0859446
0.0483883
-0.188324
-0.0330425
-0.109387
0.217179
-0.689248
0.453274
-0.0754289
0.00136412
-0.0928144
-0.170936
-0.0227682
0.652634
0.195254
-0.441971
-0.39232
-0.165367
-0.124939
0.413055
0.318169
1.20458
0.253295
-0.442395
-0.631518
-0.187348
0.0278552
-0.0816043
0.11748
-0.420138
-0.434741
-0.217697
-0.010085
0.173707
-0.0470815
0.343061
0.0983931
0.968745
0.413386
0.0279354
-0.162405
-0.0362122
-0.0192756
-0.279247
-0.103565
-0.421651
-0.105074
0.0256399
0.0635339
-0.354694
-0.246224
-0.0668433
-0.478194
-0.431996
-0.113002
-0.151403
0.0377412
-0.00704148
0.078464
0.0285006
0.898975
0.291735
-0.0385672
-0.246238
-0.103695
-0.349879
0.387684
-0.168101
0.267976
-0.303446
0.182966
-0.277272
-0.0113182
-0.894635
-0.0518265
-0.185042
-0.544138
-0.242978
0.358841
-0.394748
-0.266519
0.439933
0.588301
0.51073
-0.0659285
-0.340844
-0.0939527
-0.0662276
-0.104615
-0.220849
0.030814
-0.364312
-0.104534
-0.00796892
0.172862
-0.116113
-0.671903
0.37137
0.345044
-0.0505874
-0.509978
-0.166428
0.0880818
-0.289534
0.0517669
1.32092
0.105429
-0.00908363
0.0121915
-0.00998424
-0.127694
-0.177138
-0.129466
0.436148
0.342261
-0.250675
0.0484466
0.488908
0.99395
0.162029
0.104974
-0.263183
0.190869
0.268546
-0.0332895
0.309611
0.238848
-0.3654
-0.161687
-0.0652812
0.0455972
-0.449125
0.0487571
-0.00569109
-0.0153227
-0.0922902
0.0778262
0.113374
-0.237361
0.032113
0.561842
-0.451949
-0.102638
-0.210396
0.279164
0.00325993
-0.350623
-0.292633
-0.526988
0.33478
-0.179555
0.164137
0.266438
0.29748
-0.0808613
0.0222954
-0.290035
-0.288877
-0.0877969
-0.107014
-0.029805
0.0123128
-0.0548409
0.562812
0.180782
0.87998
-0.78455
0.190656
0.64397
-0.388084
-0.285508
-0.05382
-0.107569
-0.150633
0.390263
-0.0110112
0.533425
0.207457
1.24513
-0.0526326
-0.029455
0.0282415
-0.098351
0.202024
-0.0257708
-0.638268
-0.601645
-0.226701
0.120476
-0.0072264
0.16271
0.041214
-0.229383
-0.403692
-0.389459
-0.605296
-0.704156
-0.752392
-0.248342
0.00394696
0.463361
0.155629
0.951808
-0.107992
-0.16114
-0.0576706
-0.136019
-0.291838
-0.260516
-0.135591
-0.0236314
-0.105445
-0.304584
0.206357
0.276755
0.145542
-0.627834
-0.0901515
-0.274708
-0.124325
-0.0315295
0.369915
-0.397113
-0.169664
-0.119059
0.395618
-0.153133
-0.306625
-0.205338
0.233646
1.09087
0.158204
0.145175
-0.0894967
-0.150386
-0.386626
-0.0722626
1.19064
0.403523
0.517051
0.175757
0.126987
-0.374256
1.19083
-0.215234
0.0220271
-0.281074
-0.0993696
-0.380379
0.402389
0.226349
0.0730302
0.0609008
-0.0286267
-0.00802785
0.0296005
-0.0948156
0.0120228
0.0318829
-0.100075
-0.0622568
-0.0871502
-0.390814
-0.32151
-0.235171
-0.193184
0.497186
0.449032
-0.212242
-0.294309
-0.426093
0.109888
0.193792
0.0584768
0.260965
-0.136641
-0.174532
-0.200185
0.106011
-0.0366955
-0.0682893
-0.356165
-0.0878674
-0.0759158
0.0506407
0.523356
0.892999
-0.881698
-0.551606
0.493443
-0.236896
-0.227439
0.448519
-0.123281
-0.437756
0.105431
-0.156132
-0.309443
-0.326957
0.0746336
-0.361728
1.19627
0.0291582
-0.0128795
0.0347621
-0.0598209
-0.109145
-0.0800965
0.18234
0.0275437
-0.0313519
0.235703
-0.212725
-0.260135
0.0881257
-0.070407
-0.0416617
-0.239519
0.222457
-0.290782
-0.323794
-0.0427764
-0.00167356
0.0945561
-0.131192
-0.0354076
0.455549
0.893763
-0.0804143
-0.290166
-0.211171
-0.315819
-0.471437
0.124055
-0.101646
-0.428085
-0.247393
0.2106
0.487372
1.16563
0.307046
-0.171114
0.302635
0.944257
-0.253929
0.121105
-0.613836
-0.143732
0.0587915
-0.293276
-0.0459104
-0.320594
0.406341
1.0161
0.274747
0.124524
0.0753704
-0.122765
-0.135861
-0.130701
0.230555
0.131641
-0.296079
-0.125907
-0.0253776
0.362192
0.136529
0.00373431
0.0184263
-0.117904
-0.549115
-0.468412
-0.0575393
-1.00942
-0.243698
-0.0449404
-0.104735
-0.703215
0.03635
0.300333
0.00649179
0.00627477
0.210333
-0.302629
0.0367587
0.0265769
0.10857
0.180921
-0.0869137
0.0189797
-0.0444358
-0.225863
-0.254226
-0.203394
-0.244956
-0.120041
-0.0425772
-0.165965
-0.0311796
-0.0265181
-0.0352562
-0.116426
-0.198916
1.15392
-0.0805196
-0.211866
0.344496
-0.0370784
0.264148
1.07532
-0.125317
-0.0562137
0.00247257
-0.21279
0.207645
1.07525
0.826706
0.589635
0.0223529
-0.252051
-0.13622
-0.0537812
-0.0893756
-0.0369121
-0.0831115
-0.000964027
-0.173186
-0.0590576
-0.240332
-0.130602
-0.112782
0.0803605
-0.0252168
-0.151202
0.0698033
0.293192
-0.294822
0.0645187
-0.0316961
-0.53079
-0.0560134
0.309627
0.140046
-0.909823
-0.134147
-0.27425
-0.0851586
-0.0314518
-0.142839
-0.199993
0.0126942
0.325238
0.345137
0.0505564
0.273867
-0.0243379
-0.0416649
-0.264825
-0.421092
-0.147498
-0.573428
-0.400799
-0.283464
-0.385329
-0.0607467
-0.251736
-0.0890718
-0.0800965
-0.0243833
-0.337543
-0.0686533
-0.275341
-0.540386
-0.623938
-0.0511525
-0.163642
-0.311605
-0.0421869
-0.292454
-0.545349
-0.0706253
-0.0681963
-0.237427
0.226589
0.203631
-0.160912
-0.670132
-0.304735
-0.657431
-0.250504
-0.0166185
-0.28062
0.157247
0.46319
0.215936
0.596907
0.482001
-0.328623
0.0447694
-0.0264705
-0.0571686
0.502163
0.458214
1.31899
0.520712
0.171292
0.793169
-0.249051
-0.0490139
0.218501
0.509907
0.0389345
1.06675
-0.498666
-0.0041401
-0.0170929
-0.365424
-0.0989383
-0.252969
-0.395247
0.0161672
-0.220731
0.00649383
-0.358623
-0.259156
-0.295381
-0.0370362
-0.0732407
-0.135358
0.138858
0.0613185
0.00314481
-0.123268
-0.00806762
0.292146
0.303984
0.312733
-0.301419
-0.197901
-0.0637609
0.165861
0.295289
0.173947
0.0169179
0.241316
-0.0570708
0.540209
-0.0149436
-0.0141887
0.0605214
-0.393585
-0.162841
0.206771
0.0453836
-0.337138
-0.368632
0.0411402
0.161869
-0.305182
0.0757237
0.788882
-0.0804206
-0.0499902
-0.113065
-0.196248
0.0967552
0.3466
-0.209298
-0.219543
0.084061
0.0160868
-0.00726262
-0.0983245
-0.0906157
0.6469
-0.239602
0.208217
-0.260855
-0.0837439
-0.222849
-0.461264
0.231029
0.336651
0.131283
-0.102541
-0.156029
0.349711
0.491805
-0.008156
0.337334
0.267172
0.451275
-0.250089
-0.136345
-0.114346
-0.209351
-0.00319729
0.0269689
-0.0539634
-0.099911
-0.134742
-0.179512
-0.387845
-0.390323
0.0316013
0.157126
-0.388527
-0.318475
-0.185219
0.0349266
0.0413926
-0.170122
-0.098537
-0.0030883
0.243911
0.0247528
0.0182647
-0.313673
-0.10067
0.0438667
-0.0431675
-0.202536
-0.123448
0.249997
0.0355439
-0.211021
-0.128807
-0.297914
-0.558952
-0.513259
-0.0751332
-0.0642687
-0.302543
-0.0519544
-0.0935303
0.413638
0.0725507
0.657181
-0.0118586
0.0125068
-0.139197
-0.326472
-0.286064
-0.146668
-0.421886
-0.36517
-0.143893
-0.709663
-0.189475
0.459165
0.328182
0.078131
-0.46405
-0.170154
0.143532
-0.00351208
0.246504
-0.145199
-0.055467
-0.600953
-0.334092
0.048417
0.182665
0.176645
0.0243593
0.00518213
-0.0142479
0.0822776
-0.254013
0.0863842
-0.321664
0.110279
1.03965
-0.235222
-0.317104
-0.21477
-0.164462
-0.175876
-0.327134
-0.0507133
-0.183199
-0.088301
0.130231
-0.0572267
-0.074787
-0.0774261
-0.0255541
0.0368714
-0.357863
-0.207062
0.0795116
0.0174113
0.799818
0.0327051
0.293557
-0.652113
0.374799
-0.145891
-0.346825
-0.111926
0.301247
-0.537032
0.135949
0.104371
-0.0894004
-0.193179
0.108715
-0.0448254
-0.305223
-0.172336
-0.227943
0.0164861
-0.298533
0.0846909
-0.169178
0.0208373
-0.00915408
-0.254001
0.330243
0.429626
-0.22355
0.0513689
-0.0638518
0.103652
0.105084
-0.0995971
0.243476
0.00434208
-0.208017
-0.123144
-0.0127311
-0.00184412
0.107567
-0.0437699
-0.0531585
0.0474876
0
-0.102233
-0.141848
-0.988199
0.0182121
-0.000358151
1.00403
1.02808
0.658273
-0.196396
-0.350706
-0.0667781
-0.347653
-0.282958
-0.0772737
-0.346403
0.137017
0.0149702
-0.228552
-0.250017
-0.0987542
-0.0776862
-0.0120459
0.194394
-0.190815
-0.0870957
0.1777
-0.0763419
-0.0192766
-0.063802
0.153766
-0.425753
-0.0505381
0.333428
-0.15583
0.515778
0.00892884
0.0326198
-0.0850649
0.258164
0.6178
-0.273455
0.144724
-0.124673
-0.127608
-0.259795
-0.0838736
-0.164501
0.0445822
0.854523
-0.109556
0.521764
-0.148063
-0.268807
-0.265438
-0.0673129
0.158755
-0.145976
-0.128889
-0.122059
-0.302407
-0.346002
-0.176714
-0.113405
-0.102603
-0.492175
0.0239671
-0.232174
-0.0589779
0.975804
0.518132
-0.197529
-0.147426
-0.299864
-0.431713
0.157608
-0.0341917
-0.452438
0.217845
0.0450974
0.0577553
-0.167632
0.0136607
-0.471379
0.166319
0.017541
-0.17348
-0.407096
0.309544
-0.130078
0.110071
-0.0718064
-0.00223288
-0.0560168
0.109568
-0.118279
-0.0390792
-0.0529198
-0.13091
-0.0987133
-0.129534
-0.108165
-0.229845
0.277527
-0.13281
0.11077
0.136354
0.196821
-0.11119
-0.27099
-0.529808
-0.137323
-0.475646
-0.217895
-0.00175826
-0.226863
-0.238966
-0.211278
-0.075942
-0.0270764
-0.21294
0.461335
0.200776
0.372831
-0.0458985
-0.0713559
-0.0023365
0.0216381
-0.0657657
-0.0123075
0.0324251
-0.0725093
-0.117453
-0.110978
