0.185029
-0.0654836
0.0603536
-0.0839019
-0.483526
-0.193242
0.059683
0.729945
-0.105949
0.112657
0.474861
-0.0947714
-0.0227529
-0.0194865
-0.119828
0.1099
-0.587829
-0.16376
-0.071493
-0.217152
-0.114766
-0.0346088
-0.0943033
-0.172476
0.368579
0.0362842
0.052921
-0.104445
-0.0642453
-0.107799
-0.235173
-0.500477
-0.0494926
-0.114697
0.145766
-0.110059
0.00292276
-1.06946
-0.0677825
-0.0777484
0.161781
0.0119103
-0.177807
0.0119554
0.120872
-0.0639537
-0.0179408
-0.239111
-0.0558127
-0.489126
-0.880362
-0.130942
-0.614631
-0.353186
-0.717049
-0.164215
0.0907699
-0.01245
-0.145928
-0.209843
-0.338643
-0.0996128
0.00672472
0.0170284
0.0277815
-0.219248
0.733872
0.202018
-0.178464
-0.265882
-0.182267
-0.23233
0.986672
-0.159297
0.15859
-0.509898
0.0623334
-0.0237917
0.11345
0.0772299
-0.371672
-0.471498
-0.256508
-0.10513
-0.0874704
-0.150656
0.118537
0.127989
0.329348
-0.0644711
0.0243221
0.000651113
-0.0432018
-0.16066
-0.0466485
-0.209646
0.0632589
-0.153946
0.0456645
-0.119342
0.00841242
-0.103541
0.0228245
0.418137
-0.281725
-0.326156
0.0450549
-0.458902
-0.380518
-0.145759
0.056424
-0.0382687
0.0621874
-0.0998517
0.00235152
-0.0103924
0.137601
0.0150637
0.318313
0.177053
0.201855
0.0553254
0.255394
0.1323
-0.106609
-0.106234
-0.109401
-0.124478
0.00627676
0.0293321
0.307906
-0.677867
0.18326
-0.189775
-0.605149
-0.418054
-0.0509971
-0.0403779
-0.077948
-0.013906
0.178285
-0.0168179
0.117216
0.00835651
-0.0211139
-0.292612
-0.292338
-0.114087
0.189569
-0.668242
0.729089
-0.134856
0.0933074
0.0223114
-0.0134788
-0.0340629
0.327423
-0.0615996
-0.141163
-0.0239068
0.0613412
-0.670309
-0.282175
-0.0819134
-0.0463163
0.084288
-0.230954
0.0871502
0.0246023
0.0216297
0.162401
0.146098
0.056607
-0.0548802
0.121056
-0.328925
-0.0179297
-0.111163
-0.343782
-0.526744
-0.216763
-0.206358
-0.319896
-0.11459
-0.0887323
0.247779
-0.0312861
0.0725506
-0.138778
0.0156194
0.0170637
-0.0454408
-0.223438
0.117703
-0.115854
-0.137665
-0.0921462
-0.364538
0.0327925
-0.246446
-0.0174907
0.0147813
-0.167812
-0.0227532
-0.123508
0.0621597
-0.525398
-0.500523
0.0259145
-0.0972641
-0.0731928
0.0981592
-0.242043
-0.142531
0.0617275
-0.232354
-0.242297
-0.522267
-0.135575
-0.0277062
-0.101566
0.0978855
-0.209996
0.319538
-0.205896
-0.115117
-0.20265
-0.628841
-0.121837
-0.184701
-0.167842
-0.434143
-0.192578
0.0236606
0.0435574
-0.026446
-0.0737305
-0.200334
-0.26299
0.0588268
-0.253548
-0.273823
-0.143688
0.0249574
-0.00868615
-0.30103
-0.172789
-0.035628
-0.136702
-0.834417
-0.242224
-0.186578
-0.170182
-0.225069
-0.557691
-0.557662
-0.422678
-0.0765522
-0.357939
0.0632363
-0.0458246
0.0483679
-0.049901
-0.439152
-0.2198
0.135457
-0.0511525
0.268003
-0.0498259
0.00640115
0.0679182
-0.247292
-0.11961
-0.00137605
-0.144544
0.408253
-0.188542
-0.045323
-0.228344
-0.275177
0.0363483
0.0532125
-0.0659551
-0.145926
-0.160505
-0.374229
0.149709
-0.122266
-0.165472
-0.255878
-0.436047
-0.147525
-0.0556828
-0.0472874
0.0397671
-0.00950224
-0.559189
0.129881
-0.0725506
0.0265127
-0.0339845
0.0857192
0.00471573
-0.67608
0.104116
-0.0655164
-0.195774
0.00679562
-0.618441
-0.657361
-0.052263
0.00879645
-0.0645503
0.247096
-0.080656
0.174303
0.154688
-0.177541
0.00181335
0.408222
-0.143015
-0.17312
0.0392533
-0.0289086
0.0809395
-0.129213
-0.0351644
-0.268624
-0.0244038
-0.0106265
0.174503
-0.0413109
0.091962
0.0814531
-0.0172977
-0.0551592
-0.0501526
0.134459
-0.956953
-0.00497316
-0.00353565
0.235152
-0.206337
-0.134934
-0.150245
-0.164315
-0.162412
-0.460427
-0.11776
0.0407955
0.0336782
0.0752767
0.0723765
-0.134872
0.0234905
-0.173721
-0.0819001
-0.00803835
-0.431027
0.113114
-0.0968671
-0.0121625
-0.188425
0.0120366
-0.126533
0.218009
-0.210267
-0.261989
-0.230449
-0.491387
-0.140376
-0.201436
-0.148603
0.213995
0.0244847
0.0651113
-0.309694
-0.0410924
-0.14445
-0.19684
-0.548153
-0.365876
0.192179
-0.0935127
0.0437873
0.00680051
-0.16481
-0.137947
-0.179006
-0.268961
-0.0165691
-0.136898
-0.09691
-0.18579
-0.230449
0.0493265
-0.0956245
0.39643
0.0222764
-0.765298
-0.0517193
-0.0833607
0.228079
-0.359147
-0.336946
-0.282281
-0.195864
-0.122978
-0.694683
-0.548154
-0.16481
0.231714
-0.104735
0.538947
-0.187902
-0.116674
-0.126245
-0.13889
-0.125535
-0.113083
-0.0411126
0.0682053
0.068639
-0.398909
0.0438269
-0.139379
0.0415022
0.163572
-0.0374215
0.186176
-0.180651
0.0111474
-0.16388
-0.194316
-0.139968
0.163186
0.0557974
-0.0418026
-0.14991
0.16464
-0.163857
0.134937
0.0188092
-0.0105016
0.143002
0.381373
-0.0829275
-0.152323
-0.0458988
-0.0643889
0.0772292
-0.0689884
0.0529085
0.235241
-0.166819
-0.0387843
0.150794
0.0450331
0.286023
0.14687
-0.0831661
0.035498
0.211048
-0.127486
-0.297346
-0.461289
-0.0720071
-0.111277
0.0499306
-0.0317269
0.309808
-0.131017
-0.0350753
-0.00942374
-0.743209
-0.248229
0.120569
-0.155336
-0.14624
-0.158824
-0.0888793
-0.196523
-0.164353
0.459341
0.114174
-0.0364566
0.105055
0.0306033
-0.0958869
-0.37462
0.0148408
-0.236239
-0.161135
-0.654313
-0.626419
-0.386254
0.0779394
0.123643
-0.544811
0.0070238
-0.203462
-0.0177287
-0.220199
-0.0880807
-0.0647454
-0.206944
-0.0225486
0.189109
0.190636
-0.050413
-0.00349611
-0.0456599
0.341872
-0.0196192
-0.0668124
-0.127416
-0.0211413
-0.226959
-0.21431
-0.0443961
0.174012
0.568071
-0.119623
-0.152624
0.0452345
0.249596
0.122509
-0.230154
0.00773731
0.194505
0.051365
-0.124049
0.0443445
-0.0535791
0.181564
-0.0889779
-0.129734
0.379326
0.18639
0.0485191
-0.250761
-0.198725
-0.0126694
0
-0.012684
-0.00429795
-0.126394
-0.118169
-0.0903641
-0.153163
0.0030801
-0.118672
0.0586191
0.625248
-0.146432
0.1744
0.0798104
-0.177415
0.274343
0.0256959
-0.0212055
-0.0190638
0.234347
-0.0199998
-0.2437
-0.237927
0.270017
0.0567063
-0.213338
-0.167235
-0.260454
-0.00363906
0.00068921
-0.0105642
-0.186547
-0.149197
-0.0546948
-0.394005
-0.195718
-0.0632365
0.0617903
-0.550297
-0.247083
0.0732562
0.168929
0.275759
-0.535374
-0.891585
-0.204201
-0.133673
0.103688
-0.0629754
-0.76605
-0.40252
-0.0547159
-0.299669
0.080122
0.0122345
-0.0743398
-0.425969
-0.258893
-0.241593
-0.497009
-0.777806
-0.00297259
0.0966345
0.181284
0.0506827
-0.00967288
-0.260064
0.548822
0.0963839
0.127466
0.115127
-0.163558
-0.0115905
-0.296812
0.197378
0.364991
0.175693
-0.537596
-0.197563
-0.0563623
0.6019
0.239669
-1.03599
-0.949342
0.0239366
-0.222862
-0.749624
-0.106569
-0.0570768
-0.135954
0.134035
-0.106969
-0.273292
-0.216665
0.00822034
0.0831441
-0.116331
-0.0339897
-0.0846826
-0.0389117
-0.10935
-0.0628757
-0.390548
0.004057
-0.807835
-0.0523538
-0.183895
-0.426778
-0.145142
0.0627177
-0.0551421
0.0561803
-0.0921725
-0.167837
-0.139303
-0.0394688
0.036626
0.110286
-0.0480372
-0.325209
-0.249415
0.032352
-0.0026508
-0.135496
0.25008
-0.075069
-0.0949016
-0.222882
-0.901635
-0.391061
-0.8457
-0.226831
-0.0928079
0.162471
0.542548
0.352279
0.0127291
-0.0184246
0.269464
-0.0900719
-0.042491
0.139143
0.000207763
-0.0522117
-0.351789
-0.694502
-0.144481
-0.0687033
-0.141498
0.0411825
-0.0586869
0.151459
-0.433132
-0.222953
-0.00300872
0.020962
-0.103021
-0.213446
-0.0674613
-0.327658
-0.137544
0.0429967
-0.105235
0.0507619
0.0427707
0.000849058
0.0717417
-0.0585947
-0.230587
-0.178333
-0.289421
-0.0669968
0.00377322
0.124857
-0.058354
-0.329724
-0.0894004
-0.0116976
0.0199197
0.0958747
0.151709
0.146489
-0.0354364
-0.0702129
-0.173656
-0.171873
-0.0331092
-0.0212758
-0.00374396
-0.179036
-0.00625647
-0.102579
-0.10739
-0.143242
-0.032356
0.0622358
-0.434292
-0.176563
-0.0584517
-0.213475
-0.01161
0.151554
-0.152852
0.00369612
-0.0457045
-0.43635
-0.180038
0.165241
0.141945
-0.138538
0.0609488
0.0337756
-0.0433755
0.0286452
-0.174663
-0.0581019
-0.344446
-0.217568
-0.460731
-0.27278
-0.377006
0.151111
-0.548541
-0.20856
-0.219764
0.225197
-0.018121
-0.131509
-0.0703472
0.0373916
0.00230502
-0.042913
-0.190447
-0.0530581
-0.20659
0.0206816
-0.00257087
0.0453205
-0.811274
-0.378747
-0.747024
-0.211616
0.013423
0.0511802
-0.0559485
-0.0874123
-0.00134749
0.324575
-0.244766
-0.474157
-0.253318
-0.481913
-0.318765
0.0831599
-0.18393
0.331779
-0.490961
-0.0813485
0.076242
0.0407094
0.311141
-0.462996
-0.402337
-0.389637
-0.711012
0.179205
-0.1003
0.0503134
-0.251441
-0.0414839
-0.156548
-0.0193052
-0.0101003
0.0635164
0.0771829
0.0199294
-0.51989
0.00307069
-0.0533979
0.184923
-0.0543807
0.0376162
-0.404555
-0.675105
-0.651365
-0.169895
0.660889
-0.481006
0.107343
-0.0428582
-0.00591752
0.0517176
-0.030718
-0.233018
-0.107957
-0.0797908
-0.0104833
0.07774
0.0911214
-0.064886
-0.151335
0.165281
0.106513
0.0170647
0.0529714
-0.0824561
-0.0268832
-0.0205533
-0.0865299
-0.0729648
-0.023497
-0.0572431
-0.211843
-0.112812
-0.125607
-0.24651
-0.101499
0.0189216
-0.312567
-0.11595
-0.13891
0.0640379
-0.451192
-0.0651182
0.0335988
0.0808768
0.0473417
0.145385
0.0160032
0.277674
-0.20047
-0.650564
-0.130617
0.0870559
0.0529045
0.10039
-0.0856067
-0.527363
-0.0983946
-0.0557589
-0.334968
-0.0465365
0.0421876
-0.041361
-0.0594201
-0.235667
-0.167695
-0.304176
-0.00685489
-0.897346
0.0805361
-0.303699
-0.249172
-0.909408
-0.911431
0.0122241
-0.0229271
0.0308547
-0.323648
-0.162864
-0.203276
-0.158587
-0.316933
-0.0937665
-0.261207
-0.112599
-0.116112
-0.211271
-0.832799
-0.0250403
0.217092
0.466723
0.175648
0.12498
0.0474573
0.291136
0.0209681
0.0705039
-0.472414
-0.256591
0.0239618
0.0201183
-0.335465
-0.0992446
-0.0383347
-0.318624
-0.264757
-0.269832
-0.460522
0.140398
-0.196295
0.0212718
-0.559995
-0.0620407
0.297179
0.0361815
-0.19123
-0.013524
0.133904
0.239593
0.262147
-0.105015
-0.456912
-0.301408
-0.0197249
0.239243
-0.30103
-0.0551138
-0.310332
-0.73486
-0.254765
0.25248
-0.0901766
-0.00783519
-0.656214
-0.083234
0.134919
-0.0485261
-0.141953
-0.124939
-0.232996
-0.233627
-0.485748
-0.311194
-0.604165
0.19969
-0.178025
-0.0177287
-0.0442037
0.0960064
0.245401
0.121813
0.0722
-0.0991255
-0.2392
-0.451824
-0.230534
-0.0630442
0.0955804
0.712392
0.305829
0.018511
-0.649607
0.0909766
-0.0581288
-0.127045
0.112431
-0.202007
0.236114
0.318132
0.0384883
-0.198082
0.191517
0.257103
0.294807
-0.289745
-0.197577
-0.0811384
0.115049
0.170194
-0.533481
-0.56837
0.0103884
-0.0319722
0.587258
0.336189
0.167018
0.471363
-0.243438
-0.163717
-0.437833
0.0992734
-0.493892
-0.529677
-0.578524
-0.0971045
0.0731931
-0.0274414
-0.120051
-0.181948
-0.34143
0.19066
-0.262084
0.197028
0.371089
0.0910202
-0.441326
-0.137499
-0.188528
-0.10414
-0.308735
-0.165386
-0.655284
-0.197533
-0.15948
-0.537262
-0.197165
-0.0619792
-0.265462
-0.602544
0.0464355
0.10778
-0.0673536
-0.00413377
-0.349238
-0.347133
-0.182165
-0.273297
0.136605
-0.616385
-0.122356
-0.120596
-0.0763481
-0.643267
-0.242816
-0.281131
-0.347129
-0.167131
-0.280753
0.0823629
-0.179608
-0.299717
-0.432472
-0.0901243
0.10721
-0.014633
-0.0453502
-0.0371779
-0.13956
-0.13576
-0.202665
-0.181937
-1.06965
-0.268491
-0.132794
-0.344108
-0.641876
-0.276137
0.234995
0.362276
-0.332038
0.191664
0.00794847
0.0641105
-0.0192165
-0.200603
-0.123387
-0.0111364
0.00628783
0.0246544
-0.964242
-0.0227898
-0.141792
0.116399
-0.187948
0.0124093
-0.269195
0.176091
-0.122697
0.025675
0.108571
0.0602087
0.278944
-0.212678
-0.218353
-0.319466
0.212096
0.192046
0.164687
-0.176959
0.181292
0.169238
-0.413391
-0.0410414
-0.261505
-0.0634835
-0.0440591
0.141099
-0.154215
0.167176
0.140791
0.0537717
-0.205923
-0.130621
-0.106039
-0.187338
-0.24299
0.0780904
-0.0726963
0.0910719
-0.112886
0.201216
0.11233
0.0912329
-0.0850641
0.375768
-0.200345
-0.151938
-0.451804
-0.126365
-0.344281
-0.496817
-0.186707
-0.343354
-0.310176
-0.204282
-0.562002
0.302812
-0.0716593
0.0630778
-0.458638
0.0820614
-0.0890336
-0.258675
-0.645785
-0.0788232
-0.145542
-0.0929828
0.0114742
-0.26882
-0.0782465
-0.156152
-0.0678568
-0.483274
-0.318463
-0.22692
-0.201067
0.055712
-0.168988
0.27456
-0.213457
0.204608
-0.137116
-0.811235
-0.191322
0.0182219
0.0886917
0.0742403
-0.121598
-0.333857
0.136926
0.0887486
0.0113346
-0.0663424
-0.0959266
-0.0182768
-0.257254
-0.134454
-0.0395027
0.00887604
-0.191602
-0.0141401
0.0167976
0.0316864
-0.0701526
-0.0645843
0.0199473
0.0657481
-0.311032
-0.261025
-0.207838
-0.0260344
-0.374502
-0.29142
-0.134367
-0.174259
-0.292256
-0.0668092
-0.0594182
-0.00179831
-0.0926013
-0.0609099
0.0763106
-0.475799
-0.548167
-0.306232
-0.188005
-0.0626756
-0.164105
-0.154046
-0.163159
-0.280383
-0.468761
-0.108745
-0.3472
-0.214021
-0.331435
0.0377266
0.194078
0.217376
0.135351
1.05654
0.00286126
-0.320905
-0.257292
0.0336898
-0.116135
-0.060632
-0.065381
0.0826349
0.0124254
-0.0756874
-0.103311
-0.204155
-0.264661
-0.249483
-0.34525
-0.108424
-0.26656
-0.171652
-0.19118
-0.0204453
-0.0450784
0.0354148
-0.00152505
0.0372648
-0.0163163
0.0795189
-0.0087399
0.00798822
-0.0717847
-0.0570895
-0.26882
0.144039
0.0721536
-0.0765968
-0.0439501
-0.0932004
-0.217998
-0.153211
-0.0221219
-0.215628
-0.0340546
0.243959
0.665288
0.0766815
0.211362
0.0537517
-0.138487
-0.101714
-0.0465192
-0.163615
-0.0125062
0.182515
-0.152758
-0.228022
-0.111118
-0.403326
-0.980387
-0.466414
-0.105052
-0.432367
0.19264
-0.0841987
0.0497747
0.025148
0.0467704
-0.102362
0.0617989
0.12899
0.0814386
-0.574457
0.0498919
-0.168183
0.240544
-0.139459
-0.0608938
-0.127981
-0.236509
-0.162499
-0.365188
-0.332247
0
-0.961169
0.109294
0.127275
-0.00687122
0.151058
0.107259
0.274336
0.0104152
-0.0429097
-0.00132544
0.108069
-0.0560027
-0.108008
-0.294819
-0.040912
-0.474342
0.0641692
-0.163665
-0.733474
-0.692369
-0.132312
-0.80008
-0.132324
-0.313012
-0.190154
0.0230769
-0.126733
-0.269827
-0.070718
-0.0129298
-0.15993
-0.00583444
0.176861
-0.125621
0.00407043
0.136921
0.207992
-0.533934
-0.0152901
-0.383971
-0.140907
-0.904801
-0.210496
-0.248137
-0.21573
-0.0310342
-0.170017
0.103604
-0.342338
-0.132782
0.679529
0.00456355
-0.144115
-0.259692
-0.232802
-0.139526
-1.20596
0.137116
-0.549114
-0.355718
0.633202
-0.298355
0.212375
-0.2813
-0.0612137
-0.113781
-0.0141763
0.0297896
0.183828
0.0615472
0.190681
-0.497747
-0.229337
-0.262951
-1.13297
-0.19167
-0.192733
-0.104686
-0.167728
-0.138843
0.0669968
-0.0283651
-0.149145
-0.0458137
-0.240998
0.0432151
-0.086781
-0.0762539
-0.754394
-0.710288
0.14567
0.0327097
-0.0527771
-0.802825
-0.837908
0.137467
-0.137422
-0.11239
-0.0297824
-0.216002
-0.267567
-0.0695431
0.0519697
0.00326496
-0.190213
-0.375005
0.0329784
-0.0782278
0.0599382
-0.0122808
-0.0226387
-0.0584934
0.131658
-0.0679747
0.273024
0.00721835
-0.0360104
-0.34214
0.279364
0.0248446
0.272925
0.106536
0.38573
-0.631578
0.000257075
-0.836404
-0.105728
0.303882
0.220747
0.222725
-0.283424
0.0989333
-0.102292
0.000326144
-0.0790741
0.198422
0.0370984
0.0367909
-0.144003
-0.185912
-0.0862223
-0.812207
-0.0605568
-0.117217
-0.124811
-0.108898
-0.0722862
-0.861194
-0.0417244
-0.338459
-0.0430245
-0.105788
0.0120149
0.0533859
-0.168
0.000299604
0.11115
0.377638
-0.0761174
0.00189547
-0.0646834
-0.1746
-0.0310268
-0.189995
0.0764632
0.0718631
0.139348
-0.314571
-0.316502
-0.244098
-0.199093
-0.110724
-0.760738
-0.196875
-0.00634375
0.108532
-0.544271
0.0289122
0.441796
0.138381
-0.0577061
-0.131416
0.256804
0.024169
-0.865437
-0.175525
-0.0504076
-0.354223
-0.132932
-0.177827
-0.250815
0.046372
-0.0791603
-0.187571
-0.0928558
-0.0643099
-0.15442
-0.108991
-0.170814
-0.121364
0.0394839
-0.0918922
-0.204445
-0.315607
-0.0489197
-0.373645
-0.0501515
-0.034328
-0.217024
-0.19591
-0.296789
-0.23142
-0.109188
0.15814
0.295758
-0.158522
0.0470395
-0.11316
0.0342967
-0.248592
0.040745
0.0150535
-0.15948
-0.147939
-0.0637686
-0.120611
-0.109816
0.0533457
-0.109947
-0.0270917
-0.171358
-0.0083254
0.0593334
-0.0358181
0.14246
-0.270973
-0.161536
-0.0788276
-0.172822
0.111725
-0.193063
-0.309355
-0.208476
-0.123429
-0.188813
-0.241262
-0.0835055
0.146368
-0.69069
-0.063495
-0.209921
-0.191303
-0.122957
-0.0293472
0.0543497
-0.313214
-0.33028
-0.0550934
-0.135348
0.211075
-0.0155807
0.0634885
-0.227402
-0.0466613
-0.0637626
-0.123808
-0.0866046
-0.330319
-0.398903
-0.136419
-0.230992
0.0301562
-0.172546
-0.0420512
-0.0569345
-0.0989897
-0.714863
-0.493212
0.00547149
-0.187299
-0.11511
-0.201614
0.194523
0.115259
0.114223
0.617168
0.33265
-0.353696
0.0410889
-0.0412033
-0.00128624
0.126512
0.243955
0.225926
0.280996
-0.032695
0.0811784
0.0215239
0.0910076
0.192056
0.0497213
-0.473278
0.0929932
0.319231
-0.0730714
-0.751392
-0.227847
-0.0784801
-0.234573
-0.107668
-0.0891045
0.0799057
-0.189564
0.218454
0.697968
-0.0440139
0.0766539
0.0300886
-0.224721
0.0602959
-0.407413
0.167106
0.0829742
0.0995741
0.886235
-0.379855
-0.333928
0.0389329
0.256524
-0.0983298
0.0625707
-0.0175513
0.102826
-0.0332233
0.0539857
-0.138319
-0.417237
0.0305482
-0.0867471
0.0813621
0.0301715
0.210853
0.357511
-0.213864
0.302456
-0.0257243
-0.322165
-0.122241
-0.00664327
-0.0854405
-0.419886
-0.145453
0.192606
0.330817
-0.0896066
-0.232082
0.762949
-0.789151
-0.0933824
-0.0541161
-0.348882
0.126602
-0.126105
-0.22336
-0.688942
-0.0759761
-0.907913
0.582978
0.256506
-0.566071
-0.0202322
0.660558
-0.103885
-0.0517271
0.258404
0.0718084
-0.826957
-0.0963858
0.10193
-0.419179
0.0576486
-0.0283901
-0.132003
-0.121658
-0.730527
0.0242342
0.216579
-0.118708
0.151458
-0.187361
-0.175899
-0.217488
0.0763737
-0.0457073
0.742862
-0.00793729
0.0277861
0.0939362
0.492897
0.212061
0.0480281
-0.133042
0.0785391
-0.0181869
-0.140887
-0.50931
-0.320944
-0.180079
-0.154309
-0.345815
-0.0103469
-0.0487331
-0.156036
-0.412379
-0.0628993
0.0358347
0.219432
0.0270495
-0.0699666
0.0206946
-0.658951
-0.216641
0.357073
-0.0180452
0.219273
-0.113809
-0.1837
-0.142904
0.127059
-0.924047
-0.956401
-0.0521458
0.126455
-0.35635
-0.620742
-0.0926421
-0.247752
0.0301105
-0.137339
0.0432701
-0.124771
-0.0218382
0.0285919
0.042791
0.0619998
0.134981
0.28206
-0.181396
0.224859
0.0104335
0.141972
-0.0512492
-0.158625
-0.436978
-0.0798362
0.202836
0.077993
-0.219978
-0.00514619
0.00400524
-0.214161
-0.375878
-0.0784174
-0.0402768
-0.0576484
-0.0418381
0.116871
-0.162464
-0.254365
-0.0813745
-0.0379021
-0.200572
-0.117143
0.186791
-0.0583702
-0.107054
0.18801
0.214688
-0.0711039
-0.040783
-0.214727
-0.0548983
1.28735
-0.0143689
-0.0864805
-0.0988547
-0.0310006
-0.0531553
-0.0971298
-0.320274
-0.0997686
-0.231949
-0.00155275
0.0766422
-0.0274706
-0.0810754
-0.118567
-0.487966
0.413539
0.18794
-0.0585654
0.208363
0.104997
-0.21173
0.274986
0.0188432
0.164006
-0.745057
0.0290444
-0.20042
-0.124939
-0.140179
-0.14891
-0.109119
-0.244343
-0.100015
0.0529726
0.419724
-0.230943
-0.0915288
-0.00790301
0.301565
-0.338909
-0.173065
-0.0372442
-0.210781
-0.358562
-0.181387
-0.156516
-0.121258
-0.0324568
-0.15161
-0.0357949
-0.155861
0.103519
-0.133229
-0.0319478
-0.168734
-0.00129862
-0.00716208
0.0379242
-0.148367
-0.0741512
-0.0439698
-0.163952
0.00290178
-0.0291775
-0.116768
0.189349
-0.0764654
0.184221
0.599889
0.151587
-0.110288
-0.17529
-0.341617
-0.215701
0.0994888
0.276362
-0.130955
-0.00194702
-0.0202193
0.121478
0.162024
0.213089
-0.339873
-0.180387
-0.0115819
-0.0789514
-0.218559
-0.10888
-0.311902
-0.0300446
-0.393997
-0.0852175
-0.452014
-0.190774
-0.210373
-0.226453
-0.167339
-0.279216
-0.0157942
0.294108
-0.090326
0.103063
-0.0283205
0.0866865
-0.240433
0.0752002
-0.0898193
0.10067
0.037497
0.203978
0.297783
0.928758
-0.795731
-0.353899
-0.219173
-0.0454201
-0.233919
-0.16482
-0.193758
-0.0819548
-0.129975
-0.199854
-0.255935
-0.134484
-0.0264376
-0.0341842
0.0347523
-0.0805477
0.110193
0.122549
-0.0701823
-0.11627
0.0810512
0.0446124
0.151086
-0.827243
-0.200659
-0.652786
-0.556923
-0.235064
0.0774122
0.176091
0.0188853
0.0325688
-0.00484307
-0.265862
-0.211338
-0.0690149
1.11365
0.237248
0.135833
-0.160792
-0.0447804
0.0795895
-0.10515
0.0244175
-0.128799
-0.293877
-0.108066
-0.0611121
0.319995
0.0917573
0.27202
0.0795154
-0.22921
0.250718
-0.100002
0.0158182
-0.707021
-0.602599
-0.661947
-0.0340798
0.300537
-0.00370404
-0.227157
0.235499
-0.1067
-0.00656792
-0.142774
-0.384068
-0.22861
-0.368979
-0.322361
0.0447814
-0.295137
-0.320576
0.158308
0.169571
-0.337953
0.0469616
-0.190907
-0.118112
-0.282493
-0.00680374
-0.837822
0.237729
-0.0689319
-0.0605367
0.0445737
0.0839979
-0.121121
0.630197
-0.00336104
-0.0394858
0.0631204
-0.00039678
0.0248667
-0.427917
-0.475539
-0.155482
-0.13372
-0.114798
0.0500538
-0.0546904
0.209211
-0.537926
-0.10523
-0.893235
-0.337415
-0.00687096
0.338921
-0.00317951
-0.0530851
-0.170678
-0.0637899
-0.104853
-0.037204
-0.271217
0.0594873
-0.095831
0.00577782
-0.241084
0.136521
0.0437129
-0.0757973
-0.114055
-0.0791583
0.0094256
-0.578492
-0.0339422
-0.00743306
-0.489228
-0.486653
0.170917
-0.135895
-0.0220803
-0.140991
0.0536575
0.00445278
-0.167671
-0.329218
-0.0397441
-0.00885346
0.0738221
-0.163339
0.153406
0.480304
0.202215
-0.343195
-0.641312
-0.0530798
-0.108629
-0.52168
0.0744088
0.149563
-0.0458786
-0.224993
-0.226253
-0.248393
0.0238545
0.0188176
0.0631035
-0.20819
-0.227251
-0.623291
-0.269316
-0.319758
-0.205896
0.00966252
0.159842
-0.307778
0.184206
-0.380453
0.0939993
-0.0359977
-0.0286267
-0.580452
0.11437
-0.26149
-0.152114
-0.0511225
0.218082
0.187439
0.250735
0.0282476
0.0683637
-0.0715798
-0.141713
0.024407
0.127761
-0.0280796
-0.210992
0.35366
-0.154921
-0.276675
-0.186141
0.00990585
0.0971579
-0.886952
-0.33618
-1.18353
0.174681
-0.0116813
0.0681712
0.0199987
-0.0532455
-0.356951
-0.251001
-0.0220541
0.51811
0.153854
0.0987284
0.791729
0.319927
-0.00999677
-0.141652
-0.273199
-0.69218
-0.582529
0.114577
-0.486371
0.179437
-0.0522272
-0.250156
-0.251558
0.111586
-0.161395
-0.0732319
-0.124533
-0.188706
0.377553
0.177257
0.0486703
0.0974099
0.483403
-0.200042
-0.0885502
0.24937
0.168738
0.0710328
-0.15547
-0.0503338
-0.0791504
-0.0674741
-0.28846
0.236156
0.0329221
-0.250609
-0.328597
-0.148553
-0.211752
-0.497452
-0.0415753
0.375505
0.107226
-0.0370114
-0.0126443
-0.0469487
0.203365
-0.0708244
-0.201332
-0.282902
0.0464996
-0.31355
-0.275048
-0.320302
-0.0714944
0.161051
0.0807634
0.372829
-0.075487
-0.0525964
-0.203678
-0.00899297
-0.190904
-0.396226
-0.201391
0.0803403
0.062565
0.343101
0.732341
0.0981048
-0.802489
-0.144785
-0.325671
-0.279323
-0.23976
-0.189931
-0.0137764
0.0472477
-0.015009
0.0200788
-0.299975
-0.246469
-0.180437
-0.0816649
-0.0118678
-0.0791263
-0.191178
-0.117985
-0.237014
-0.210027
0.0371525
0.05469
-0.0281195
-0.0233731
-0.00926682
0.0694296
0.0862873
-0.255273
-0.0440571
0.531622
0.0594473
-0.409488
-0.309355
-0.279834
-0.181091
-0.0985888
-0.14839
-0.418482
-0.289206
-0.10436
-0.246711
0.11677
-0.370557
0.0517734
-0.697499
-0.112569
-0.139368
0.0844562
-0.103979
-0.180263
-0.149832
0.125228
-0.0727575
0.176179
0.0344468
-0.581897
0.0137146
0.152539
0.110698
0.257659
-0.0483737
0.0406554
-0.59906
-0.0108272
-0.280289
-0.11511
-0.157226
-0.126129
-0.0211309
-0.134036
-0.0451995
-0.179178
-0.135148
-0.116142
-0.0848671
0.237753
0.37683
0.735227
-0.134826
-0.119402
-0.150594
-0.177325
-0.482288
-0.00119805
-0.0263289
-0.238347
-0.223277
0.0167763
-0.521122
-0.280948
-0.206177
-0.378023
-0.213197
-0.400243
-0.222021
-0.513655
0.178728
-0.427278
-0.00852076
-0.188728
-0.23743
0.0432832
0.275822
0.052453
-0.288113
-0.300124
-0.144253
-0.0728937
-0.0841403
0.171135
-0.132305
-0.0138089
-0.185131
-0.849729
-0.245338
-0.186319
-0.079644
-0.0737862
0.448811
-0.122893
0.0110499
-0.0184669
-0.164445
0.0729682
-0.195269
-0.258884
-0.169676
0.137373
-0.532518
-0.0247982
-0.216793
0.165195
-0.047529
-0.47947
-0.0939875
0.127622
-0.0975086
0.434019
-0.883162
-0.40654
0.039348
-0.0671462
-0.181959
-0.0318294
0.112536
0.104773
-0.202521
-0.136146
-0.324548
-0.347347
0.0107697
0.181494
-0.518715
0.0863278
-0.442139
-1.10124
-0.503269
-0.40646
-0.604123
-0.0524934
-0.12643
-0.129415
-0.217991
0.35281
0.449522
0.199306
0.161898
0.270045
-0.268232
-0.49096
-0.470693
-0.178349
-0.276872
0.401396
-0.088336
-0.265089
-0.166208
-0.186143
0.069255
-0.0624703
-0.146843
-0.206886
-0.242574
-0.21932
-0.231435
-0.195924
-0.163402
-0.154733
-0.00953727
0.180701
0.0648021
-0.223864
-0.313505
-0.138186
0.00368868
0.125329
-0.104655
-0.755622
0.138548
-0.219115
-0.3637
-0.549914
-0.67146
0.084118
-0.16303
-0.336909
-0.0409912
0.0496015
-0.13481
-0.0767535
-0.832124
0.00475092
-0.074542
0.0106799
0.153897
0.0840633
-0.148762
-0.350358
-0.260709
-0.240386
-0.322449
-0.927508
-0.0734289
-0.193125
-0.811998
-0.529556
-0.186609
-0.13616
-0.0955456
-0.332374
-0.339539
0.146201
-0.0135516
0.181626
0.131888
0.439853
0.54592
0.208169
-0.21411
-0.111294
0.047142
-0.0469749
0.0380405
0.0823513
-0.455402
-0.124939
0.176147
-0.00198442
0.0614839
0.614251
-0.101119
0.252916
0.0772677
0.0370971
0.10265
-0.610748
-0.256664
-0.313687
0.0937146
-0.338545
0.115728
-0.447623
-0.0265378
0.0889001
-0.080982
0.148587
0.0918663
-0.0633184
-0.122034
-0.0350138
-0.0887482
-0.00684368
-0.221233
0.00922377
-0.134033
0.0967166
0.0178138
0.0420582
-0.123872
0.0977444
-0.00253973
-0.0636691
-0.605907
-0.289448
0.0753743
0.059092
-0.0113527
0.172746
-0.0692176
-0.0608963
-0.368347
0.0646441
0.0391144
-0.32268
-0.0947523
-0.354322
0.377039
0.139182
0.00716437
0.150908
-0.14597
-0.101598
-0.166888
-0.115315
-0.00554361
0.277431
-0.109103
-0.313039
-0.204968
-0.116426
-0.263436
-0.142305
-0.118814
-0.293421
0.0297196
0.00748803
0.108999
-0.416025
-0.310907
-0.298619
-0.44186
-0.463604
0.393615
-0.228532
-0.215664
-0.0995938
-0.0815956
-0.0302753
0.328613
0.0599548
0.484236
-0.0354791
-0.129928
-0.200529
0.141681
-0.211544
0.593869
-0.0631316
0.107849
-0.137601
-0.0920305
-0.285091
0.145192
0.0420668
0.0817887
-0.605281
-0.447303
-0.317354
-0.329954
-0.259637
-0.0907048
-0.00183055
-0.0310927
-0.549554
0.226407
-0.120743
0.186698
-0.130262
-0.0752095
-0.173086
-0.2503
-0.140491
-0.100481
-0.146128
-0.114573
-0.210339
-0.747884
-0.234356
-0.0176445
-0.147617
0.615919
-0.251864
0.0704367
0.258213
0.537492
-0.321906
-0.408803
-0.667678
-0.34432
-0.122923
-0.125161
-0.0988
0.0927674
-0.10067
0.244384
-0.237687
-0.388948
-0.0453417
-0.203867
-0.243038
-0.223161
0.00739245
-0.135717
-0.185998
-0.299227
-0.2032
-0.121335
-0.535722
-0.15138
-0.215946
-0.381891
-0.394779
-0.0860264
-0.0638848
-0.00231178
-0.122109
-0.587409
-0.124939
-0.163223
-0.155193
0.821252
-0.176091
0.630638
-0.0293169
0.168421
0.0107043
-0.328678
-0.218875
-0.0555397
-0.277384
0.263126
-0.475915
-0.176455
-0.393794
-0.174728
-0.376891
-0.602969
-0.352853
0.0730442
0.266177
-0.274841
0.280476
-0.0403362
0.305535
-0.0886661
0.0632085
0.203091
-0.124543
-0.0369863
-0.39784
-0.0716572
-0.127382
0.108086
-0.0354914
-0.304094
-0.28299
-0.846538
-0.784614
-0.326667
0.0187958
-0.807513
-0.065393
-0.581628
-0.0939723
-0.155487
-0.128516
-0.031578
0.0408864
0.142518
0.114588
0.116162
-0.234499
-0.0730256
0.0737029
0.125542
-0.088273
-0.163396
-0.175032
0.0810446
-0.00955468
0.071527
0.299116
0.0207795
0.279141
0.0716882
-0.00104321
-0.0993251
-0.0516103
-0.149912
-0.178125
0.0561428
0.0140716
-0.193352
-0.0583636
-0.163358
-0.0102425
-0.300319
-0.128958
-0.0713037
0.000178473
0.126307
-0.0960649
-0.177162
-0.0457575
0.040748
-0.0493121
-0.184136
-0.589708
-0.0481701
-0.607017
-0.0980493
-0.12961
-0.0490106
-0.196882
-0.0789703
-0.0918761
-0.208959
-0.489425
-0.0828669
0.211466
0.179261
0.139942
0.039729
-0.0179042
0.0695732
0.0952681
0.262141
-0.123824
-0.165701
0.0765456
-0.0594857
-0.107514
-0.249145
0.073019
0.0115762
0.106324
-0.0760779
0.0697046
-0.463146
-0.774616
0.197811
0.032156
-0.0556197
-0.708468
-0.057531
0.0626572
-0.0337844
0.0386696
-0.410325
-0.0853038
-0.0373859
-0.289653
-0.161967
-0.319094
-0.243472
-0.155334
-0.254294
0.107367
0.0679761
0.166684
-0.140179
-0.123858
-0.333618
0.0431059
-0.105551
-0.80969
-0.219653
-0.102209
0.128254
0.173274
-0.149699
0.350452
-0.536298
-0.107611
0.105151
-0.224168
-0.0660165
0.877041
-0.125847
-0.0860146
-0.165937
0.146758
-0.0658069
0.024812
0.404233
-0.369444
-0.0103276
0.185511
0.221819
0.11115
0.0822407
0.0328848
-0.0141707
0.0168457
-0.175392
-0.12284
-0.123767
0.0396982
0.0175519
-0.289717
-0.200676
-0.165842
0.155345
-0.200714
-0.493694
0.148223
-0.75624
-0.649722
-0.426377
-0.161662
-0.183975
0.121892
0.272888
-0.0213102
-0.00239072
-0.132738
-0.162303
0.0369728
0.0243915
0.83413
0.184455
0.160027
-0.140085
-0.300475
0.11014
-0.134242
-0.232993
-0.0944284
-0.34303
0.0746151
0.00685657
-0.0210288
-0.114164
-0.00431724
0.298111
-0.046274
0.0957548
-0.0299632
0.261448
-0.19391
-0.787064
-0.92971
-0.258693
-0.062485
-0.528139
0.245515
-0.0399073
-0.00176284
-0.104519
0.0540901
-0.0962519
-0.0919528
-0.726913
-0.268226
-0.0888747
0.0747022
-0.0542024
-0.63415
-0.364566
0.331098
0.952393
0.0595594
0.0333251
0.0599164
-0.299954
-0.302514
-0.198243
-0.509005
-0.14107
-0.0191437
-0.440347
-0.294536
-0.232085
-0.139376
-0.213214
0.159818
-0.13441
0.0215397
-0.345051
-0.0304945
-0.373715
-0.129121
-0.122855
-0.43892
-0.123882
-0.147545
0.184224
-0.0301564
0.0384928
-0.650802
-0.586006
-0.216359
-0.0859438
0.134573
0.152459
0.236439
-0.159202
-0.311283
0.0294077
-0.243292
0.0169054
0.13865
-0.320945
0.116506
-0.162958
0.184564
-0.111895
-0.160658
0.460946
-0.760451
-0.21836
0.0025963
-0.107667
-0.194575
-0.791313
-0.223787
-0.146128
-0.271111
0.308234
0.310346
-0.947204
-0.322044
-0.0594759
0.133504
-0.230327
-0.151348
-0.138481
0.237808
-0.0387656
0.0472151
-0.0770912
0.483718
-0.141933
0.213358
-0.0693478
-0.238659
-0.319251
-0.354905
-0.174476
-0.0836042
0.0235133
-0.30441
-0.206426
-0.141124
-0.133549
0.0100663
-0.106481
0.599562
-0.192105
-0.502343
-0.0382044
0.365721
0.341695
-0.350597
0.037061
0.0944844
-0.0408045
0.206395
0.0959575
0.188629
-0.00923665
-0.0132732
-0.00665964
0.115087
0.0580893
-0.228449
-0.103918
-0.042795
-0.16671
0.0548625
-0.163295
0.310522
-0.0570198
0.0826516
0.000307882
0.00580786
-0.431789
-0.116331
-0.162746
0.0642608
0.172612
0.338999
0.0947526
-0.226382
-0.0840585
-0.384389
-0.00188636
0.00156824
-0.535576
-0.0730577
-0.702117
0.426923
0.324328
0.69393
0.0747473
0.677588
0.594852
0.265124
0.440928
-0.013364
-0.0053428
-0.0106885
0.034179
0.0646542
0.00323799
0.0881473
0.61836
0.31224
0.196378
0.115982
-0.0285106
-0.140261
0.0413927
-0.0862303
-0.0421465
-0.137934
0.0481593
0.0955084
-0.54462
-0.429501
0.320028
0.195319
0.114961
0.0594836
0.198617
0.23501
0.411168
0.44251
-0.0943858
-0.00384144
0.0158045
0.00428795
0.0299319
0.0335358
-0.00465529
-0.186108
-0.130761
-0.0808539
-0.166847
0.076829
-0.0792624
-1.02806
-0.314843
-0.102924
0.101267
-0.119186
-0.20967
-0.124571
-0.0737367
-0.0449979
-0.160963
-0.0421727
0.544443
-0.129608
-0.0470262
0.185816
0.0488747
-0.440965
0.130284
-0.6921
-0.0230568
-0.181839
0.0108128
0.295754
-0.0297525
-0.202302
0.100146
0.509412
-0.337796
0.0244612
-0.278355
-0.0833674
-0.102833
-0.454825
-0.464305
0.0990184
-0.350363
-0.0168073
0.0414951
0.208218
-0.0577124
-0.590939
-0.167926
-0.234073
-0.0935448
0.0550095
-0.356705
-0.459101
-0.156585
-0.044686
-0.0838996
-0.146398
0.0470044
-0.110024
-0.129409
0.519191
0.518158
0.141752
0.0117782
0.124939
0.0712219
-0.329603
-0.248186
-0.218642
0.0254791
-0.343854
-0.105064
0.0555814
0.0385095
0.0359808
-0.310198
-0.320182
-0.224834
1.339
-0.45057
-0.753471
-0.74263
0.063555
-0.0825875
-0.0698194
-0.108849
-0.162081
-0.0862729
-0.238275
0.282465
-0.0595677
-0.0311873
-0.0231507
-0.235237
-0.413088
-0.289955
-0.096477
-0.552328
-0.161957
-0.220267
0.125779
-0.0912165
-0.0826776
-0.172784
0.270467
-0.169939
0.030889
-0.186557
-0.517904
-0.0829957
-0.222763
-0.287253
-0.00502079
-0.058759
-0.0109781
-0.0487123
0.0772733
-0.18696
0.195291
-0.174973
-0.78295
0.194984
-0.040209
-0.0799789
-0.163154
0.724118
-0.165393
0.0522255
0.0827426
-0.0857233
-0.302588
-0.263498
0.0894109
0.0451539
-0.0499871
0.248985
0.262233
-0.691426
-0.223589
-0.0966223
-0.227223
-0.176511
-0.221414
-0.348432
0.0728877
-0.295544
-0.174261
-0.0335244
-0.0294697
-0.817951
0.0490788
-0.2246
-0.1939
-0.24052
-0.118539
0.0369993
-0.0213329
0.00219795
0.237505
0.122326
-0.563593
-0.626119
-0.330217
-0.548507
-0.101593
-0.108702
-0.21687
-0.00141235
0.153718
-0.37328
-0.268749
0.017152
0.348941
0.0579552
-0.201204
-0.205906
-0.036416
-0.0957692
0.0944882
-0.174375
-0.647161
-0.220154
0.266673
0.192495
0.394925
-0.227016
-0.221994
-0.121155
0.0544957
-0.221069
-0.478453
0.0619381
-0.157185
0.0522141
-0.0389432
-0.00479407
0.0654706
0.265721
-0.221005
-0.279279
0.0796197
-0.0220064
0.0444342
-0.2847
-0.183693
-0.633899
0.134736
0.656985
0.110051
0.0526009
-0.0168342
-0.31953
0.0373365
0.582127
0.064466
-0.0151027
0.0103252
-0.0409284
0.0990928
-0.0736156
-0.350989
-0.0297839
0.00350409
-0.0967436
-0.0607881
-0.0883101
-0.00721463
-0.18284
0.021552
0.00121029
-0.0147854
-0.247121
-0.106359
0.439225
0.0670877
0.125059
0.0494685
-0.120761
-0.922772
-0.17921
0.0178119
0.163381
-0.276733
-0.332744
-0.322558
-0.17638
-0.196846
-0.424269
0.0135334
-0.413159
-0.0271522
0.0105532
-0.0618649
-0.0404469
-0.0432251
-0.100848
0.111677
0.0757926
0.135447
0.0693644
-0.425331
-0.0148099
0.0357369
-0.370784
-0.129406
-0.210494
-0.139451
-0.805448
-0.455643
-0.485622
-0.0049166
-0.138409
0.0273715
-0.141787
-0.20534
-0.260913
-0.322882
-0.438266
-0.0962396
-0.0405909
-0.0494854
-0.108206
0.0500141
-0.299405
-0.151455
-0.0384321
0.0566383
-0.170269
0.310869
0.0864216
-0.0773751
0.398877
0.450617
-0.362036
0.263303
0.0629045
-0.166652
-0.244724
-0.0241927
-0.0308758
0.11412
-0.10218
-0.106665
-0.274174
0.120287
0.850327
0.244028
0.102422
-0.312445
-0.166761
-0.0825319
-0.105911
-0.10638
-0.0867881
-0.0335639
-0.174881
-0.128176
-0.300966
0.165413
-0.64605
-0.172971
-0.0182281
0.0129064
0.0516046
-0.00783419
-0.316102
0.34228
0.147684
0.0269689
-0.15431
-0.0965516
-0.115944
0.0552228
0.661804
0.0586266
0.127434
-0.043714
-0.176613
-0.124114
-0.343548
-0.241265
-0.595196
0.205374
0.137965
0.292598
-0.0283237
0.00914343
-0.0197088
1.20408
-0.0834415
-0.0677052
0.163908
-0.131667
-0.158272
0.153087
-0.22775
-0.0791812
0.302253
-0.173397
-0.0596593
0.0781606
-0.374926
-0.0335344
-0.146046
-0.148412
-0.59987
-0.0571713
-0.158675
-0.94828
-0.0748396
-0.187176
-0.211353
-0.101367
-0.243554
0.55059
-0.474152
-0.245182
-0.124298
-0.205794
-0.064056
-0.435008
-0.0714858
0.00395712
-0.236624
0.14164
-0.088336
-0.329519
-0.240463
-0.25297
-0.297211
-0.225761
-0.0966995
-0.382491
-0.10659
0.0166417
-0.0148356
-0.142881
-0.135628
0.0504078
0.058863
-0.0134418
0.0121788
-0.112514
-0.0639823
-0.169094
-0.146074
-0.109261
-0.103434
-0.110648
0.112021
0.362951
-0.0119364
-0.119337
-0.134869
-0.00529314
-0.363087
-0.20895
-0.107992
-0.00890421
-0.548
-0.0926353
-0.226696
-0.0199398
-0.312663
-0.154204
-0.0998544
-0.202893
-0.181626
0.15004
0.272025
0.191676
-0.0993635
-0.111605
-0.142546
0.0713794
-0.218904
0.0625867
-0.533973
-0.16132
-0.225805
-0.331203
-1.01775
-0.014174
-0.192201
-0.0971238
-0.0737
-0.033788
-0.163375
0.194081
0.0770092
0.150692
-0.0360162
0.0772481
-0.276283
0.00990504
-0.569312
-0.167136
-0.241271
-0.20312
-0.930128
0.232229
-0.128692
-0.116979
0.309331
0.146846
-0.112234
0.27045
0.513986
0.287559
-0.345372
-0.371562
-0.0750094
0.13384
-0.0329935
-0.0712584
-0.140964
-0.00251039
0.00668582
-0.0696754
-0.0231043
0.794995
0.208654
-0.2597
0.0598983
0.28303
-0.190411
0.0385862
0.0684392
-0.331502
-0.100267
-0.0208812
-0.019971
0.0552453
-0.0325807
-0.0253176
-0.0501107
-0.066813
-0.330904
-0.145294
-0.0717367
0.171751
0.161932
-0.132902
-1.22205
-0.161509
0.19017
0.0677179
-0.0443579
0.264782
-0.161007
-0.33112
-0.0891228
-1.14797
-1.16661
0.0669468
-0.21378
-0.412447
0.0745059
-0.137725
-0.273252
-0.149464
-0.0644853
0.0419239
-0.1403
-0.194047
-0.0942153
-0.138064
-0.329452
-0.20312
-0.321363
-0.23178
-0.0967035
-0.946726
-0.329698
-0.463602
-0.0243793
-0.00581296
-0.18648
-0.19269
-0.330028
-0.0213005
-0.243528
-0.166447
-0.222664
-0.0213785
-0.251624
-0.0600541
0.47578
0.258047
0.0246203
0.0983656
-0.202884
-0.130635
-0.183251
-0.132898
-0.0882527
0.155282
-0.117891
-0.517631
-0.351154
-0.0755601
-0.267147
-0.149363
0.00427513
-0.109827
-0.23076
-0.0164262
-0.00668383
0.00581082
0.0348458
0.128282
0.185073
-0.0877471
-0.173756
-0.110121
0.058283
-0.197596
0.115844
-0.217068
0.291149
-0.104603
-0.153815
-0.00348633
-0.00442136
0.0158054
-0.188792
0.108523
0.0847665
0.0847038
-0.0332256
0.21109
-0.111904
0.0723846
-0.197836
0.718203
0.250046
0.0123455
-0.109038
-0.254249
-0.120353
-0.035808
-0.599404
-0.173292
-0.097016
0.153228
-0.105899
0.169878
-0.193521
-0.053313
-0.848575
-0.252114
-0.313055
-0.0827655
0.0351123
0.0651754
-0.0744247
0.0772788
-0.079742
0.945317
0.881622
-0.0658393
0.114277
0.0330522
-0.0699924
0.0123015
-0.405972
-0.227678
-0.152066
-0.363951
-0.491253
-0.224441
-0.248734
0.0920515
0.223105
-0.131509
0.11513
0.0226826
-0.163386
-0.0351468
-0.132792
-0.0014924
-0.0747771
-0.26008
0.302061
0.317687
-0.96896
0.00701814
-0.146406
0.169559
-0.124233
0.389232
0.131936
0.0690492
-0.145735
-0.266661
-0.629798
-0.729087
-0.252116
-0.0508821
0.0510478
-0.0692165
0.125569
-0.20465
-0.00115543
-0.984894
-0.169266
-1.27389
-0.719897
-0.687352
-0.0479186
-0.199482
-0.154302
-0.128523
-0.0658534
-0.326748
-0.245655
-0.105836
-0.0190829
-0.050845
-0.0129187
0.167575
-0.0667309
0.0830041
-0.308986
-0.507525
0.0338915
-0.397898
-0.354448
-0.208305
0.00974844
0.31462
-0.454587
-1.32809
-0.536712
-0.113468
-0.095704
-0.288993
-0.220573
0.360075
0.0251305
0.122313
-0.194488
-0.13614
-0.16849
0.167371
-0.212362
0.170156
0.0493398
-0.109018
-0.336329
-0.00843803
0.0218037
0.081525
-0.283806
-0.124431
-0.0750153
0.171392
0.144659
-0.161152
-0.503415
-0.0543363
-0.222729
-0.200188
-0.248962
-0.136681
-0.187038
0.045363
-0.286698
-0.0394652
-0.431907
-0.116215
-0.108304
0.351382
-0.18732
-0.0508437
-0.808385
-0.825441
0.252452
0.343827
-0.0866292
-0.101322
-0.157727
-0.249877
-0.273132
-0.632698
-0.0892334
0.0166551
-0.161881
-0.0641758
-0.10323
-0.0594794
-0.0927541
0.782893
0.359625
0.121994
0.0447611
-0.080715
0.118262
0.217439
0.127658
-0.792392
-0.401344
0.493673
0.234936
-0.199072
-0.143757
-0.136385
-0.742935
-0.123401
-0.307851
-0.0734762
-0.139061
-0.0366763
-0.188434
-0.117177
-0.443711
-0.0259079
-0.186832
-0.047811
-0.268716
-0.22924
0.0702619
0.141204
-0.00257647
-0.142113
0.377796
-0.139102
-0.410325
0.396164
0.0194474
0.0317227
0.00314995
0.18535
0.12619
-0.0848664
-0.0694372
-0.373329
-0.351943
-0.200331
-0.359126
-0.0573294
-0.263047
-0.703741
0.166978
0.0614377
0.0383747
-0.686391
0.0239862
-0.108179
-0.626863
-0.156192
0.168386
-0.720246
0.0131344
-0.229883
-0.262843
-0.437763
-0.404779
-0.245007
-0.747492
-0.82296
-0.335285
-0.254626
-0.293218
-0.0952205
-0.295518
-0.106026
-0.245121
0.221163
-0.137803
0.111584
-0.31776
-0.364796
-0.527182
-0.538325
-0.328439
-0.0969459
-0.148229
-0.0460948
-0.587857
0.0355
-0.192849
0.226005
-0.0561107
-0.122266
-0.199141
-0.0701758
-0.352102
-0.2358
-0.0467807
0.429309
-0.0288781
-0.212739
-0.00293196
0.411961
0.0274002
-0.0399254
-0.437678
-0.161777
-0.181011
-0.010927
0.018064
-0.132123
-0.0515999
-0.00840459
-0.252643
0.189985
-0.314802
-0.176198
-0.212583
-0.169931
-0.0970434
0.0782923
0.0313505
-0.0998536
0.056979
-0.0464732
-0.215879
-0.326139
-0.0499291
-0.0482422
-0.0877138
-0.020004
-0.221544
-0.0063116
-0.212462
-0.127757
-1.02893
-0.0882645
-0.162973
0.392877
-0.107658
-0.797694
-0.192243
-0.562616
0.0380855
-0.361381
-0.238647
-0.205513
-0.234482
-0.286225
-0.192463
0.11396
-0.278283
-0.279261
-0.143606
-0.0734947
0.137176
-0.172599
0.168523
0.326234
0.249747
-0.0520141
-0.183952
-0.178228
-0.237726
-0.193085
-0.209787
-0.275044
-0.196668
-0.205244
-0.227012
-0.141136
0.0599241
0.0768615
-0.0355692
-0.225099
-0.111366
0.219698
-0.530859
-0.442992
0.0080676
-0.191021
-0.236318
-0.508047
-0.17116
-0.231669
-0.129584
-0.262306
0.411738
0.350632
-0.0472188
0.29978
-0.0523437
0.295025
-0.139497
-0.0339564
-0.0967385
0.0207413
0.0689023
0.148144
-0.0117931
0.0690896
-0.690882
-0.802463
-0.368708
0.00890764
-0.161501
-0.237525
-0.0611403
0.0988819
-0.106524
0.0734932
-0.045138
-0.0723748
-0.395573
0.163487
-0.312363
-0.135062
0.0692174
-0.400852
-0.191386
0.00223287
-0.037705
0.226582
0.104094
0.0361963
-0.0738701
0.0815566
-0.169322
0.172605
0.129048
0.10152
-0.0106038
0.0157362
-0.0456621
0.0134752
-0.713733
-0.343151
-0.150301
-0.843443
0.0193052
-0.220274
-0.245235
0.0960855
0.00856347
0.00666976
-0.0545779
0.174535
0.0913983
-0.0875173
-0.209549
-0.0158873
-0.190563
0.0511525
-0.570729
0.614009
-0.119434
0.147332
-0.052816
0.176542
-0.183221
-0.13209
-0.534143
-0.258784
-0.295306
-0.23028
-0.291887
-0.123479
-0.0316959
0.0807951
0.753438
-0.29866
-0.213121
0.128699
-0.0469408
0.00819107
-0.142384
0.12047
-0.119384
0.0712814
0.257498
0.144702
-0.103186
-0.737378
-0.190087
-0.241151
-0.0972688
-0.123489
-0.194785
0.0538515
0.0255248
0.273001
0.00969224
-0.26032
-0.493188
0.042654
-0.208831
0.140678
-0.22901
-0.0944758
-0.317555
-0.647228
-0.651328
-0.158811
-0.0295553
-0.0442118
0.451966
-0.266127
-0.226346
0.157939
1.03852
0.677195
-0.199422
0.122607
-0.0689435
0.0660873
-0.387832
-0.0552217
0.060342
0.228823
0.338713
0.105395
-0.0376461
0.094342
-0.086762
-0.092401
-0.00550329
-0.00361243
0.12467
0.0927541
0.170939
0.435283
-0.706355
-0.122938
-0.368904
-0.249085
0.0251315
-0.0944265
-0.357038
-0.238945
-0.38366
-0.0542085
-0.0653284
-0.328963
0.185925
0.110044
-0.546302
-0.492027
-0.178383
-0.251751
-0.0539818
-0.71644
0.0163931
0.192492
-0.00507107
0.514791
0.235046
-0.302281
-0.178803
0.530897
0.101436
0.00273821
0.449425
-0.146128
-0.184686
-0.071606
-0.576042
0.088693
0.0819147
-0.02155
0.0750809
0.578842
-0.193237
-0.174424
-0.413645
-0.0128372
-0.159523
0.0874273
-0.087935
-0.356483
0.159565
0.070717
-0.0635536
0.151435
0.0609591
-0.107107
-0.189203
0.209925
-0.118812
0.0167481
-0.140624
-0.22008
-0.116382
0.0847488
0.268315
-0.517733
-0.267299
-0.365607
-0.0465784
-0.259134
0.283886
0.24628
-0.376334
0.0914017
-0.16582
-0.0137073
0.194587
-0.473137
-0.744308
-0.152265
-0.11929
-0.00866146
-0.788785
-0.326823
-0.183375
0.00889836
-0.82861
0.0547884
-0.732014
-0.202173
-0.300413
-0.461886
-0.0941184
0.115999
-0.0432718
-0.0775158
-0.431147
-0.122133
-0.0791953
-0.100884
-0.188283
0.18406
-0.0951826
-0.00280128
0.148235
-0.0613914
-0.0763395
-0.140116
-0.160792
-0.449701
-0.220102
-0.396688
-0.522414
0.0953511
-0.0549465
0.880937
-0.144783
-0.14478
-0.727214
-0.103153
-0.00458434
0.0383523
-0.113811
0.256235
-0.0738705
-0.66087
-0.834483
0.149799
-0.222679
-0.182851
0.0113743
-0.0123523
-0.0234811
-0.0957532
0.0375372
0.0223528
0.0840948
-0.25456
-0.0156677
0.0444159
-0.0147154
0.0458369
0.0260259
0.158678
0.0461424
-0.0349885
-0.00826648
-0.116786
0.1704
0.0929124
0.0777737
0.166522
0.187212
-0.449051
-0.0950818
-0.0824809
0.00618005
-0.0708523
-0.358891
-0.0769248
-0.174808
0.00863737
0.0264643
0.0102913
-0.303175
-0.181947
0.120314
0.0101321
-0.0282272
-0.459306
-0.0924577
0.214559
0.0134328
0.164116
-0.186943
-0.299794
-0.538968
0.0550898
0.398624
0.974062
0.115098
0.0306526
-0.153462
-0.0870598
0.26833
0.0197209
-0.0210647
0.185277
-0.0691728
0.151811
-0.442969
0.165944
0.0734568
0.113654
-0.122096
0.0227299
-0.279841
-0.613231
0.0159692
-0.0122916
-0.210081
-0.00915902
0.139906
0.0516689
-0.161827
0.0420862
-0.383623
-0.0149106
-0.00457259
-0.00646943
-0.351429
-0.0262604
-0.438277
-0.0309152
-0.237053
0.0332248
-0.223559
-0.00568645
-0.0226592
0.386535
0.268305
0.320849
-0.00550379
-0.730928
-0.190592
-0.171396
-0.0247303
0.175984
0.0256439
0.108562
0.0546951
0.0624184
-0.178305
0.143043
-0.150291
-0.292522
-0.397044
-0.436752
0.0492235
-0.190809
-0.0241438
0.0910952
-0.1692
-0.080386
-0.287408
-0.181315
-0.240772
-0.309664
-0.0524023
-0.0108672
-0.0538405
-0.0700027
0.229635
0.164578
0.126309
0.12001
0.220546
-0.373205
-0.0766383
0.258443
0.240476
0.364314
0.0982311
0.14374
0.0191137
-0.0976181
-0.432162
-0.160487
-0.224613
0.115878
-0.751967
-0.340941
0.067385
-0.787541
-0.340263
-0.271817
-0.0572431
0.802031
-0.092262
-0.233205
-0.234545
0.0605694
0.0588014
-0.11776
-0.0637497
0.139466
-0.0603071
-0.113726
-0.206137
-0.0762966
0.0847785
0.331211
-0.273222
-0.291679
0.0759776
0.171021
-0.124029
-0.505195
-0.625574
0.189563
-0.0649325
-0.130944
-0.208705
-0.00994528
-0.0934359
-0.135797
-0.723934
-0.0289986
-0.522114
-0.032619
-0.0507327
-0.20458
-0.213153
-0.190145
-0.195697
-0.263491
-0.25907
-0.0558883
-0.211431
0.0240859
-0.0824102
-0.29048
0.22757
-0.167049
-0.125965
-0.0498741
-0.1936
-0.097867
-0.00864524
-0.201839
-0.229865
-0.0395908
-0.117942
-0.0767587
-0.457923
-0.173823
-0.288496
-0.152452
0.0310912
0.262178
-0.205542
0.114109
-0.138698
-0.0859254
-1.00729
0.402454
0.607025
0.463153
0.150449
0.0868052
-0.126158
0.330935
-0.0454032
0.00454234
-0.0874729
0.10111
0.182113
0.0658445
0.21472
0.539938
-0.0423005
0.293765
0.0176891
0.0462784
-0.175717
-0.0548938
-0.0713186
0.242023
0.133381
-0.176428
0.0673393
-0.172502
-0.165063
0.205113
-0.0425226
0.152852
-0.626164
-0.0856023
0.16668
-0.935037
-0.317356
0.394347
-0.0860266
0.0581938
-0.231135
-0.0340591
-0.298865
0.0260438
-0.0255195
0.134699
0.0989388
0.0669935
-0.477674
0.581298
0.428627
-0.0120583
-0.0763819
-0.0836614
0.0637759
-0.0920728
-0.0643915
0.280503
0.00375443
-0.120048
-0.376049
-0.0252214
-0.0177893
-0.115492
-0.0875231
0.128582
-0.170066
-0.0611436
-0.0782483
-0.0511785
0.149043
0.0663397
0.0652891
-0.217971
-0.0441315
-0.186143
-0.0595727
0.128388
0.0183304
0.152523
-0.0297069
-0.170462
0.0712591
-0.15912
-0.245351
0.082793
-0.455893
-0.128358
-0.157407
0.29306
-0.159613
-0.556935
-0.0961246
0.409044
0.123635
0.545152
-0.0265877
0.146003
0.137716
0.0352114
0.119665
-0.325591
0.234805
-0.0336735
0.123755
-0.0449117
-0.0774283
-0.0397903
-0.189219
-0.266387
-0.103461
0.203789
-0.11392
-0.850251
-0.198025
-0.091429
0.00930597
0.298675
-0.296693
-0.101566
-0.048229
0.15698
-0.206581
-0.183525
-0.93463
0.225374
0.0782278
-0.215129
-0.0967737
0.0484838
-0.0990297
0.0906919
-0.323533
-0.901802
-0.0336747
0.173424
-0.789794
-0.123246
-0.251056
-0.0544127
0.0232331
-0.230261
-0.224098
-0.165617
-0.108244
-0.0331451
-0.261114
-0.166997
0.103079
-0.426624
-0.36272
0.0482614
0.181353
-0.16751
-0.068584
-0.102351
-0.232682
-0.347475
-0.377901
-0.683458
-0.0337413
-0.169253
-0.222138
-0.236849
0.0911767
0.488214
0.0976842
-0.00575907
-0.197209
-0.214766
-0.0040652
-0.167149
-0.2327
0.000811026
-0.0810165
0.0427755
-0.139984
-0.211661
-0.857018
-0.001333
-0.108633
-0.138211
-0.370862
-0.11157
0.173451
-0.102517
-0.0275337
-0.0668463
-0.383712
-0.112827
0.0219655
0.253021
-0.485408
0.266404
-0.0731638
-0.216124
-0.528035
-0.34067
-0.262148
-0.0301582
-0.00277341
0.188808
-0.0708573
-0.99938
0.0572474
-0.120804
-0.762283
-0.0764593
-0.157319
0.0925326
-0.17075
0.107346
-0.247872
-0.216239
-0.850429
-0.0301604
-0.230786
-0.203004
-0.103541
-0.241337
0.175693
0.493711
-0.418935
0.134062
0.171065
0.0928171
0.127871
-0.32181
-0.225943
0.0268913
-0.0484634
-0.0562732
-0.318659
-0.0252461
-0.3529
0.064173
-0.327512
0.079895
-0.196944
0.0419568
-0.257067
-0.0966693
-0.442574
-0.194475
-0.32874
-0.0360702
-0.023741
-0.0796302
0.446736
0.189719
-0.0531345
0.0649526
0.163067
0.0178663
-0.249363
-0.262929
-0.320865
0.0198624
-0.143704
0.121023
-0.0394412
-0.174447
-0.161415
-0.0773087
-0.464555
-0.268501
-0.0570069
0.0233616
-0.178981
0.225346
0.268785
-0.0861994
-1.02714
-1.05548
-0.877685
-0.290798
-0.311526
-0.198687
-0.124531
-0.501912
0.0123458
-0.607547
-0.432271
-0.110284
-0.0621847
-0.122148
-0.010528
-0.585539
-0.118901
-0.239284
0.0447944
-0.186593
0.017592
-0.165139
0.0236208
0.172435
-0.0885544
-0.0358874
-0.227064
-0.0717231
0.0619702
-0.0779305
-0.140754
-0.0399273
-0.213646
-0.184745
0.00613636
-0.157438
-0.827994
-0.189272
-0.249752
-0.113819
-0.281815
0.184272
-0.348568
0.138558
0.509789
0.239262
0.139515
-0.0979899
-0.151684
-0.171425
-0.863098
-0.138112
-0.461435
-0.629124
-0.633249
0.0565183
0.129212
0.639453
-0.153503
-0.769173
-0.406932
-0.233314
-0.2312
0.0757264
-0.262979
0.0635367
0.175244
0.158257
-0.0611052
0.00766874
-0.0655015
0.0393401
-0.743839
-0.0841684
-0.337176
-0.0597293
-0.273848
-0.0786269
-0.0441916
-0.0749622
-0.114044
-0.432185
1.12844
-0.216208
-0.242417
-0.0155458
-0.0312924
0.0513643
-0.178427
-0.25248
0.158065
-0.219511
0.0601625
-0.118183
-0.0282994
0.563168
0.100654
-0.303157
-0.133102
0.112841
-0.618369
-0.111567
-0.786219
-0.122483
-0.043256
0.224971
0.167491
-0.103209
-0.00647907
-0.127551
-0.121998
0.0422227
-0.35855
0.0655776
-1.00872
-1.00356
0.0204739
-0.335639
-0.780817
-0.159118
-0.31879
0.0131638
-0.746028
0.453008
-0.283072
-0.21681
-0.0322276
0.122068
-0.0731132
0.0926311
-0.118819
0.290442
-0.737261
-0.0299163
0.31162
0.382903
0.597262
0.0231417
-0.0691244
-0.0659419
0.0993899
-0.00433502
0.486861
0.498691
0.0089651
0.0408912
0.0669468
-0.402599
0.252069
-0.430967
-0.18895
-0.0244738
-0.0547819
-0.206541
-0.038918
0.0125912
0.0771613
-0.289728
0.0455703
0.0776645
-0.160203
-0.394823
-0.0918438
0.238539
-0.0808141
0.164505
-0.204597
-0.323448
-0.332579
-0.264307
-0.269818
0.0305092
-0.154041
0.0809141
-0.242157
0.0669468
-0.108651
0.0978204
-0.00379853
0.501177
-0.256266
0.19787
-0.0640515
0.0664
-0.26358
-0.260412
-0.233513
-0.705432
-0.687518
-0.0445565
-0.0226615
0.102186
-0.352425
-0.0225753
-0.229909
-0.519282
-0.414809
-0.0636294
-0.198239
-0.133866
-0.109042
0.012895
-0.154999
0.0852839
-0.04233
-0.112557
-0.206935
-0.0314102
-0.11382
0.0396876
0.0723264
-0.0584958
-0.0404436
-0.15982
-0.14678
-0.144201
0.322542
0.641456
-0.104711
0.0416668
-0.447254
-0.273136
-0.49149
0.114335
-0.206167
-0.0586723
-0.328468
-0.13791
-0.172593
-0.332184
-0.0192245
0.0527761
-0.619203
0.156488
-0.0658905
0.00598677
-0.33232
-0.0252755
0.0149324
-0.0421621
-0.104486
-0.716161
-0.569668
-0.329157
0.212159
0.0443934
-0.139486
0.158659
-0.53798
0.110123
-0.0686659
-0.0672992
0.075044
-0.27819
-0.0607134
-0.186198
-0.0967003
0.0525851
-0.165626
-0.0170334
0.134113
0.324298
-0.0821897
-0.0817026
-0.126042
-0.0883839
0.0802367
-0.0701535
-0.0216419
0.18719
-0.10818
0.214769
-0.0966052
-0.214252
-0.228479
0.210643
0.232529
-0.179492
-0.0554984
-0.0331773
0.0705416
0.165839
-0.382989
-0.084148
-0.2433
-0.208604
-0.0657241
-0.00474641
0.114326
-0.250604
-0.0924119
-0.233877
-0.0231516
-0.139838
-0.188357
-0.04708
-0.438116
-0.552638
-0.061892
-0.348234
-0.322292
-0.434459
-0.0837719
-0.37321
-0.371611
-0.233344
-0.150785
-0.00603029
-0.313703
-0.204373
-0.234055
-0.0593905
-0.403579
-0.157455
0.0310011
-0.128747
-0.354336
-0.83661
-0.242871
-0.108483
0.0326624
0.0510188
0.103749
-0.18235
-0.234479
-0.218071
-0.201728
-0.115815
-0.10775
-0.0171705
-0.196732
-0.00764533
-1.07776
-0.803622
-0.0613864
-0.217132
-0.115243
-0.0111364
-0.423233
-0.170209
-0.0917967
-0.073397
-0.171526
0.164332
0.0240283
-0.07456
-0.0781724
-0.187291
-0.166221
-0.235249
-0.310735
0.139307
-0.0284653
0.50012
-0.324704
0.0180493
-0.290712
0.0197778
-0.173211
0.0848528
-0.217416
0.0422223
-0.0512329
0.0390759
-0.0941317
-0.170851
-0.701445
0.196649
-0.219564
0.0422308
-0.309863
-0.425604
-0.757235
-0.306338
-0.08745
0.007418
-0.446119
-0.117225
-0.040999
-0.048641
-0.643068
-0.10691
-1.0505
-0.150919
-0.061887
-0.0980062
-0.124869
-0.373988
-0.000522019
-0.119528
0.0160613
-0.098765
-0.166455
-0.189534
-0.572155
-0.42784
-0.156751
-0.0877283
-0.32988
-0.164252
-0.226396
0.0715558
-0.0860345
0.0187163
0.117549
-0.0379364
-0.0709413
-0.0184088
0.286416
-0.0974535
-0.377404
0.0782746
0.107477
-0.0156363
-0.193915
0.605527
0.157375
0.0363691
0.335748
0.417253
-0.153373
0.128357
-0.591645
-0.130484
-0.196295
-0.184655
-0.470589
-0.593897
-0.138703
-0.0840974
0.20702
0.781825
0.0234525
-0.105235
-0.175015
0.0164782
-0.0143097
-0.0380719
0.0597103
0.612249
0.0341439
0.00548754
0.0295552
0.0331906
-0.00665134
0.26707
-0.0420256
-0.235429
0.304051
0.140515
-0.416864
-0.167012
-0.2464
-0.117395
-0.296629
-0.0324851
-0.261085
-0.0913822
-0.115356
-0.323893
0.0588127
0.26009
-0.114746
-0.00451661
-0.299215
0.219173
0.202493
0.288077
-0.23715
0.286618
-0.117386
0.0240606
-0.0762175
0.0633564
-0.0278375
0.158548
0.407858
-0.691464
-0.632702
-0.29591
-0.00201671
-0.685969
0.571969
0.417152
-0.526536
-0.089312
-0.068664
-0.0419191
0.479945
-0.0643404
-0.0206065
0.129076
-0.188645
-0.230061
-0.109769
0.06252
-0.18976
0.368179
-0.340924
-0.200794
-0.163259
-0.764966
-0.326363
0.0423414
0.229248
-0.104368
0.0584238
-0.605024
-0.530512
-0.56892
0.15636
0.157034
-0.123262
0.106906
0.0809751
-0.664752
-0.278754
-0.182059
-0.00729549
-0.293298
-0.343674
-0.28348
0.124026
-0.0888326
-0.405102
-0.0142104
0.622081
-0.550547
0.0200811
-0.295782
-0.0531131
0.181686
-0.061977
-0.118174
-0.0394195
-0.12213
-0.12592
-0.0279665
-0.118348
-0.160591
0.00393424
0.094708
-0.153777
-0.478116
-0.323864
-0.0990116
-0.0225636
-0.0866684
-0.0367348
-0.0086795
-0.319757
-0.273319
-0.250163
-0.0438935
0.267433
0.192593
0.253035
0.133127
-0.178046
-0.348339
-0.140159
0.0860421
-0.0369146
0.170201
-0.147367
-0.100099
-0.0682198
0.0226973
-0.305705
-0.224473
-0.410608
-0.179
-0.198834
0.0682978
-0.0788436
-0.184937
-0.00960001
0.0139953
0.0715126
0.00462021
0.00470554
0.000252108
-0.0716873
0.0677793
-0.129707
0.0693372
0.165574
-0.481742
-0.621947
-0.0861969
-0.00484576
-0.0920812
0.0325646
0.0583549
0.0158608
0.0786284
0.198449
0.100097
-0.0968937
-0.0433821
-0.570148
0.0788243
-0.057445
-0.142743
-0.0852119
0.0919862
-0.133774
0.768399
-0.564318
0.185941
-0.257785
-0.0377886
-0.157291
0.225449
-0.0750931
0.0352454
0.0714748
0.0623762
0.11264
0.100487
-0.526393
-0.0589488
0.030511
-0.0959357
0.0227235
0.157673
-0.97116
-0.113481
-0.48138
-0.331352
-0.191167
0.142182
0.107832
-0.172475
-0.223705
-0.0326428
-0.0760604
0.370511
-0.0713785
0.163607
-0.0639194
-0.0617007
-0.320179
0.121577
0.088127
-0.273578
-0.132024
0.0323813
0.184605
0.183492
-0.271228
-0.0552324
0.0630962
0.733088
-0.025997
0.0465331
0.107448
0.0374156
-0.14672
-0.0345251
0.0268623
0.0735837
0.0712616
0.0155677
-0.0753094
-0.190815
-0.514105
0.0875936
-0.244604
-0.252616
-0.292939
-0.1595
0.0816989
-0.350858
-0.154915
0.146383
-0.671196
0.0279847
0.231481
0.115342
0.260768
-0.0919459
-0.186461
-0.243038
0.0962215
0.23171
0.00303871
0.0167498
-0.137569
-0.12349
-0.394927
-0.449863
-0.405801
-0.178013
-0.142625
-0.130203
-0.115917
0.0290269
-0.054106
0.0486122
0.563236
-0.620849
-0.343883
0.484547
0.0118515
-0.643191
-0.230642
-0.167591
-0.155591
-0.292912
-0.345704
-0.0937968
-0.157697
-0.191641
-0.210133
0.0287026
-0.0621479
-0.156374
-0.257635
-0.0419376
-0.501156
-0.313755
-0.30103
-0.132071
-0.169953
0.242813
-0.0711028
-0.0843209
-0.448922
-1.21928
-0.623884
-0.603796
-0.754528
-0.443173
-0.215355
-0.147342
-0.349573
-0.123075
-0.257731
-0.0584375
-0.128343
-0.0232692
-0.163988
-0.242511
-0.105363
0.176776
-0.00333362
-0.334611
0.466523
0.370188
0.156765
0.0816776
-0.213258
0.311035
0.0574147
-0.128824
0.0288994
-0.628704
-0.0876808
0.00958039
-0.0135125
-0.156394
-0.346663
-0.234022
-0.00436253
-0.119062
-0.446936
-0.015593
-0.0206775
0.0215627
-0.0908173
-0.0441557
0.00881846
0.0359998
-0.151757
-0.205831
-0.360538
-0.466433
-0.201914
0.115876
-0.206956
-0.0918014
0.110683
-0.0389595
0.0398736
0.0392308
0.0378075
0.0429037
0.0663296
-0.0970705
-0.242512
-0.117663
-0.247548
0.0535922
0.0975256
-0.829341
0.662727
-0.14381
-0.20412
-0.447226
-0.484731
0.103304
0.0286559
-0.283442
-0.149129
-0.136752
-0.122229
-0.0713769
0.0692796
-0.255488
-0.620587
-0.172482
-0.0701706
-0.107113
-0.082405
0.0627243
-0.616652
-0.690931
-0.281959
0.106455
-0.140537
-0.499702
-0.567778
-0.321838
-0.0473367
0.0708155
0.212974
-0.00522834
-0.537119
-0.898727
-0.190593
-0.28798
-0.968387
-0.887076
0.070619
-0.880004
-0.0716619
-0.107941
0.127997
0.369797
0.310742
-0.174532
0
0.248318
0.0627333
0.0354558
-0.24138
0.343047
0.179179
-0.165917
-0.295768
-0.445957
-0.0840425
-0.0322449
0.0346939
0.0744042
-0.0892312
-0.0698343
-0.0537926
-0.0525081
0.0243897
-0.580727
-0.0280287
-0.186096
-0.518448
-0.476532
-0.544421
-0.814851
-0.118846
0.0670412
-0.0832208
0.0141709
0.0219782
0.410306
0.957602
0.202297
0.0820796
-0.103507
-0.77615
-0.27431
-0.140794
-0.396459
-0.236828
-0.458958
-0.593796
0.236852
0.00614493
-0.0905212
-0.0493028
-0.17537
0.00219898
-0.143161
-0.536562
-0.286933
-0.245837
-0.160629
0.0450058
0.445184
0.8621
0.109295
0.236789
-0.390013
-0.211475
-0.113829
-0.24897
-0.307677
-0.023656
0.053332
-0.982558
0.0547043
-0.154606
0.295643
-0.630849
0.0663067
0.0279112
0.120007
-0.00783891
0.097206
0.211528
0.199284
0.204392
0.25878
-0.0790343
-0.0715793
-0.0462668
-0.0460689
-0.319835
-0.174503
-0.18284
-0.975821
-0.395688
0
0.184131
0.00662138
0.258374
0.262377
0.337323
-0.348692
0.0126708
-0.0238142
-0.0262639
0.100261
-0.187236
-0.116859
0.0324679
0.175753
-0.0635538
-0.0791813
-0.0631975
-0.407679
0.0162156
0.412483
0.188019
-0.175813
-0.25109
-0.127224
-0.144762
-0.0175266
-0.0423099
-0.0898473
-0.734311
-0.416625
-0.143822
-0.0799306
-0.145638
0.0749296
-0.199772
0.164696
0.0344804
-0.104168
-0.31444
0.29515
0.145288
-0.0199619
-0.489477
-0.177647
-0.094099
0.0452115
-0.109943
-0.090395
-0.386059
-0.189588
-0.0526692
0.011566
-0.00148734
-0.293052
-0.0880396
-0.0454145
-0.076863
-0.0338993
-0.109094
-0.00124566
-0.323673
-0.271675
-0.16531
-0.404498
-0.668751
-0.324301
-0.7807
-0.0415125
-0.186875
0.153931
-0.222044
-0.615513
-0.268312
-0.41466
-0.410266
-0.700462
-0.070345
0.0819098
-0.781805
-0.5021
-0.0385273
-0.00313568
-0.179943
-0.148258
-0.115882
-0.183429
-0.0719085
-0.133764
-0.0586066
-0.243183
-0.113928
-0.552969
0.100566
0.150376
-0.108557
0.297463
0.721357
0.0433473
0.321883
0.296602
-0.0871092
0.239065
-0.554753
-0.399208
0.406928
0.271888
0.58562
0.0488061
0.0655959
0.137758
0.074839
-0.761859
-0.0517654
0.236267
-0.167173
-0.304913
-0.621818
-0.143893
-0.178414
0.0339302
0.193072
-0.0471646
-0.180677
-0.223595
-0.0669468
-0.0299054
0.0185327
-0.622529
-0.636968
-0.165203
-0.171805
-0.465199
0.179182
-0.117294
-0.363223
-0.00556666
0.074295
0.16183
0.045629
0.174317
0.239972
0.205277
-0.180553
-0.0766546
-0.19462
0.0340208
-0.15585
0.106037
-0.284396
0.0718102
-0.13919
0.0479273
-0.176091
0.0399891
-0.162184
0.153415
-0.17848
0.00411357
-0.295333
-0.109246
-0.285152
-0.0851033
0.092805
-0.0161487
-0.192262
-0.0381215
-0.156812
-0.0394946
-0.163615
0.0433178
-0.0272187
0.131573
-0.046344
0.274749
-0.10582
-0.0412323
-0.00812656
-0.105762
-0.189093
0.206567
-0.112126
0.274706
-0.0944414
-0.44179
0.0941423
0.34023
0.480273
-0.0486981
0.0485056
0.0816523
-0.186568
0.0823338
-0.0223909
0.355342
0.316289
-0.258755
-0.463954
-0.220505
-0.257204
-0.0812307
-0.173358
0.0460183
-0.338365
-0.0183895
0.00515338
-0.507485
-0.149239
-0.0259539
0.214711
0.0343005
-0.275422
-0.339517
-0.0760902
-0.280827
-0.1388
0.231377
-0.127283
-0.115168
-0.323344
-0.244665
-0.350876
-0.0730041
-0.448068
-0.379842
-0.399961
-0.196713
-0.143769
0.120277
-0.0867675
-0.073082
-0.292994
-0.205894
-0.0334475
-0.0788577
-0.162436
0.102521
-0.136124
-0.0686104
0.0887266
0.14809
-0.0698738
-0.271831
-0.0327339
-0.052638
-0.429693
-0.245816
-0.215296
0.167737
-0.14219
0.250733
0.219779
-0.511951
-0.00837891
-0.147858
-0.0218184
-0.229572
-0.293442
0.117397
-0.0826118
0.291677
0.159579
0.276693
-0.586915
-0.553274
-0.0190541
-0.0510706
0.00455064
-0.0582747
-0.143537
0.633295
0.660184
-0.0181692
-0.176459
-0.102598
0.829938
0.590614
-0.313003
-0.0819974
-0.500952
-0.41954
-0.136855
-0.653001
-0.237564
-0.0203959
-0.114017
0.00928383
-0.211972
0.000508465
-0.458102
-0.136395
-0.26835
0.0442921
-0.0882683
0.0372738
0.130694
-0.100614
-0.188067
0.197706
-0.526784
0.0796596
-0.12083
-0.341779
-0.021075
0.0205715
-0.159851
-0.180293
-0.170073
-0.182365
-0.249146
-0.235859
-0.11421
-0.500326
-0.545551
-0.127793
0.105542
-0.106385
-0.206839
0.0218262
0.0352757
0.0426691
-0.110681
0.0276927
-0.219219
0.0504704
-0.000346207
0.0126822
0.346357
0.297152
-0.0603528
0.0756085
-0.140948
-0.0542797
-0.21854
-0.0242884
-0.084857
0.00873698
-0.0618548
-0.0232298
-0.180691
-0.0626347
-0.288957
-0.0866799
-0.577208
0.0255306
-0.0438494
-0.0417475
-0.0811002
0.0780399
-0.257647
-0.155995
-0.2151
-0.287424
-0.187629
-0.165954
-0.109921
-0.116676
-0.205186
-0.183856
-0.0493503
0.199673
-0.0793828
-0.0318603
-0.161856
-0.0445479
-0.118803
-0.043909
-0.0589779
-0.236491
-0.351327
-0.0410421
-0.453099
0.137417
-0.0245926
0.08024
0.16102
0.0796482
0.171147
-0.0553625
-0.630667
0.212681
-0.555082
-0.0317273
-0.0679942
-0.109936
-0.287684
-0.0660883
0.0755389
0.434794
0.119793
0.0100965
-0.0132015
-0.688786
-0.776601
-0.122235
-0.207304
0.247526
-0.0837941
0.113108
0.0614606
0.011888
-0.465397
-0.0885071
-0.0495607
-0.104794
-0.683918
-0.20412
0.417991
-0.0383489
0.0260063
-0.137181
-0.653041
-0.826718
-0.885584
-0.0328349
-0.228886
-0.111878
-0.48489
0.108015
-0.124939
-0.124598
-0.16753
-0.0941966
-0.19722
-0.106116
-0.26857
0.0019062
-0.0751908
-0.0612714
-0.168469
-0.159489
-0.172327
-0.503373
-0.16344
-0.321557
-0.347396
0.489945
-0.174895
-0.199795
-0.321042
0.00486023
-0.184286
-0.115562
-0.14212
0.100085
0.0010057
0.0430866
0.0061802
-0.108972
-0.175104
-0.0726083
-0.121519
-0.326135
-0.118588
0.108968
-0.186777
-0.391645
-0.0547216
-0.217729
-0.612623
-0.222191
-0.172178
-0.109644
0.0585022
-0.16702
-0.100059
0.0702087
-0.0418624
-0.219751
-0.115154
-0.334763
-0.0170678
0.0217216
0.145552
