-0.19424
0.375127
0.0030055
-0.134976
-0.0582625
-0.551801
0.0799207
0.127269
-0.100378
0.463022
0.648708
0.294512
-0.172574
-0.0434042
-0.0144955
-0.298569
-0.610457
-0.444753
-0.559147
-0.165693
-0.0403693
0.036533
-0.533481
-0.0983288
-0.817303
-0.162578
0.0846609
-0.477268
-0.572732
-0.0861985
1.40145
-0.0792335
-0.0741386
-0.0222405
0.220313
-0.0810689
0.0634555
-0.684885
0.268416
0.12899
-0.0470581
-0.237992
0.0740947
0.177597
-0.00793391
-0.224854
-0.00580357
0.0830466
-0.514056
-0.371891
-0.597674
-0.0180618
-0.693121
-0.0652512
-0.733992
-0.284605
-0.249221
0.250161
0.141729
0.0105054
0.0158298
0.0261632
-0.0990141
-0.0928586
0.0326541
-0.413204
0.440579
0.455323
-0.0292438
-0.0491956
-0.0119708
0.0230144
1.01732
0.0051454
-0.0719979
-0.51893
-0.240915
-0.0491487
0.15629
-0.054121
-0.340108
0.0836895
0.320677
0.255685
0.0276148
-0.109499
-0.193136
0.0974815
-0.166145
0.0471374
0.104831
0.167147
-0.101304
-0.0332922
-0.00321701
-0.0192517
-0.125525
-0.0169115
-0.067515
-0.0245853
-0.130821
-0.182605
-0.223288
-0.00051002
-0.305993
-0.302144
-0.367348
0.111982
-0.0547103
0.0119174
-0.117669
-0.117649
-0.169441
-0.00305355
-0.420542
0.0879158
0.794464
0.711268
0.259096
0.143866
0.357096
0.146472
0.483159
0.134261
-0.289477
-0.0780078
-0.39884
0.146478
0.485565
0.22545
-0.0224376
-0.0442364
0.0493864
0.131688
-0.499534
-0.1397
-0.0829439
0.0645468
0.117316
0.143281
0.0925431
0.313708
0.482654
-0.0819706
-0.0730465
0.0317124
-0.5804
-0.0599901
0.173053
0.197097
0.53182
-0.0503299
0.298658
0.0787334
-0.0577785
0.179756
0.257309
0.216802
-0.0409517
0.142698
0.258621
-0.48054
-0.466638
0.208518
0.180028
-0.225692
0.243955
-0.050208
-0.415999
-0.201917
0.450982
0.156676
-0.0502352
-0.0855456
-0.689445
-0.336091
0.041328
-0.060237
-0.0878303
-0.724469
-0.305319
-0.321769
0.104693
-0.151529
-0.0105765
0.62286
0.206952
0.0377122
-0.0760135
0.0601288
0.0894116
0.916756
-0.07745
-0.169832
-0.221338
-0.000464746
0.0597682
-0.208703
-0.0940622
-0.30643
-0.17008
0.269062
-0.0900706
0.212682
-0.0275349
-0.0447439
-0.338392
-0.336798
0.127886
-0.325848
-0.155
0.0872642
0.0383843
-0.110352
-0.10964
0.0948653
0.182862
-0.316873
-0.0981793
-0.0915266
-0.260601
0.0269459
0
0.528247
-0.168494
0.0536499
-0.0606066
-0.715356
-0.0370713
-0.153638
-0.178943
0.110672
0.111824
-0.231046
0.371888
-0.121834
-0.190877
-0.0177846
0.0524622
0.0109514
-0.482746
-0.205942
0.049874
0.193044
-0.0324858
-0.31597
-0.107905
0.193342
-0.0572739
-0.0200747
-0.00553249
-0.291135
-0.120336
-0.495877
-0.522879
-0.668355
-0.572627
0.00480294
-0.279486
-0.0960865
-0.312568
0.476948
-0.0359459
-0.337
0.67022
0.0521821
0.0163904
0.0123505
0.0240224
0.902473
-0.121364
-0.300194
-0.0440677
0.435048
-0.112874
0.0579919
-0.0772053
-0.0798993
-0.427441
-0.0407189
-0.537861
0.521226
-0.334639
-0.661322
-0.179835
-0.12102
0.373296
1.21694
1.04246
0.193989
-0.546698
-0.475536
-0.0876064
0.209835
0.407793
0.263364
-0.771804
0.210433
0.027685
-0.00713008
-0.0322701
0.182532
-0.633009
-0.570652
0.0880409
0.0473128
-0.559005
-0.189576
-0.518901
-0.214463
-0.0133936
-0.624167
0.134864
0.509694
0.0472921
0.304551
0.130545
-0.0104311
0.00949317
-0.0291184
0
-0.143954
-0.00638683
0.0448349
0.141283
0.00109169
0.0226177
-0.554391
-0.326359
-0.168309
-0.00265627
-0.175142
-0.0734259
-0.0367821
0.131534
-0.0819344
-0.312702
-0.142663
-0.021969
0.1111
-0.00635342
0.302894
-0.0211893
-0.459587
-0.0859146
0.248234
-0.0888709
-0.411424
-0.0819922
0.123454
0.194876
-0.0839146
-0.197145
-0.382197
0.292641
0.284906
-0.159079
-0.0899194
-0.496196
0.339698
-0.191754
-0.0640602
0.0857121
-0.0735373
-0.00815602
-0.251447
-0.0637609
-0.017838
-0.0405779
-0.366244
-0.176091
-0.453275
-0.120438
0.439464
1.49945
-0.577047
-0.274923
0.0677224
0.231352
0.0163281
-0.471947
0.201818
0.195555
0.0931302
0.0219278
0.122399
-0.0424423
-0.377691
-0.0199966
-0.240145
-0.0266756
-0.0769971
-0.199124
0.131362
-0.0511525
0.475898
-0.0159392
0.0826337
-0.168117
-0.315091
0.131863
-0.0454433
0.0672875
-0.286179
-0.569053
-0.351235
0.534537
0.582299
-0.734965
-0.291601
-0.111332
0.994722
-0.180639
0.663768
-0.166107
0.188652
-0.192191
-0.161485
-0.177036
-0.00133671
-0.11185
-0.041057
0.588052
-0.81183
0.161241
-0.0148587
-0.132751
-0.0877872
0.0648154
0.0687601
-0.48777
0.290673
0.273896
0.274062
-0.153161
0.0514559
-0.0417913
-0.074296
-0.0687785
-0.0551199
-0.121243
-0.426034
-0.0871045
-0.0073592
0.167744
0.218001
-0.015542
-0.0329878
0.0265194
-0.592111
-0.149563
-0.0504955
-0.216851
-0.0475061
-0.351043
-0.127012
-0.191385
0.0114472
0.651721
0.500224
1.01818
-0.21025
0.306239
-0.195846
0.153362
-0.142694
-0.428149
-0.300706
0.0199213
-0.0350038
0.476903
0.0385233
-0.0123065
-0.319687
-0.374613
-0.392198
0.0994588
0.986846
-0.11066
0.180834
0.157103
-0.175751
0.0827996
0.284609
0.557779
0.190001
-0.0478865
0.311728
-0.0709569
-0.159439
-0.250936
0.260373
0.277033
-0.275682
-0.219377
0.774758
0.318036
0.134569
-0.412922
0.214637
-0.284964
0.130271
0.349271
-0.121702
0.292443
0.264457
-0.4144
-0.0105829
0.34665
0.417557
0.245641
-0.00205414
0.629548
-0.087319
-0.580563
-0.0945191
-0.121263
0.0392091
0.098957
0.094227
-0.162046
0.296579
-0.399559
-0.379423
-0.0125628
-0.0392933
-0.110838
-0.0864555
0.271755
0.0746991
0.02882
-0.0823885
-0.174571
-0.203833
0.0819094
-0.00154171
0.300176
0.120224
0.218644
0.218254
0.168888
-0.104463
0.0219609
-0.0141611
0.0114642
-0.143448
-0.253609
-0.234647
-0.314685
0.148789
0.0580773
-0.0007599
0.0903396
0.0488198
-0.0439305
0.0821182
-0.427435
-0.105882
-0.262629
-0.294167
-0.29482
-0.159953
0.00663764
-0.402261
-0.230575
-0.256405
0.101579
-0.0213161
-0.335227
-0.200441
-0.548201
0.19127
-0.183394
-0.136479
-0.330906
-0.0452143
0.713913
-0.184147
0.00596292
-0.36938
-0.224204
-0.189421
-0.000599518
0.291155
0.119301
0.301717
-0.322617
-0.361585
-0.0959042
-0.0269879
0.261112
0.186154
-1.08326
-0.0132091
0.190747
0.0247601
0.16486
0.0534305
0.0574806
-0.222466
-0.25166
-0.0867003
-0.343356
-0.262193
1.02117
-0.206644
0.028375
-0.391508
-0.216369
-0.123973
0.0950136
-0.239089
0.255791
0.133223
-0.137422
1.09294
0.196635
-0.32638
0.500409
-0.0827564
-0.391078
-0.197707
-0.018001
0.754247
-0.112608
-1.07429
-0.974075
0.354626
-0.208461
-0.214965
-0.148317
0.0296832
0.067585
-0.042206
0.00514724
-0.571297
-0.138148
-0.00342978
0.0117258
-0.192638
0.00291058
-0.243403
0.0774902
0.00398441
-0.0998491
0.0243382
-0.354538
-0.513559
0.1563
-0.261851
0.383968
0.350613
-0.128079
-0.103328
0.247256
0.0352088
0.070434
-0.0652253
-0.0293176
0.340989
-0.13099
0.1087
0.202043
-0.0135659
-0.416256
-0.16356
-0.190865
-0.111666
-0.344068
-0.307619
0.475461
-0.439173
-0.433656
-0.558281
0.114678
0.0435696
0.187793
0.588117
0.555159
-0.0578681
0.00906911
0.0895546
-0.151861
0.282028
-0.347811
-0.196394
-0.235168
-0.217865
-0.464373
-0.196295
-0.0742722
-0.0267669
0.172093
-0.00761938
-0.0976766
-0.299992
-0.166942
-0.103948
-0.19943
-0.120195
0.0597682
0.40032
0.151533
-0.266906
-0.55632
0.0940599
-0.731963
-0.1884
-0.0609862
0.121405
-0.133238
0.0292435
-0.0473384
0.0630214
-0.18808
-0.25882
-0.424429
-0.297889
-0.317717
-0.0288762
0.26424
-0.113548
0.0743104
-0.0669124
-0.113821
0.0334371
-0.176564
0.279372
-0.24134
0.600224
0.962734
-0.127579
-0.181666
0.252348
0.0721559
-0.193803
-0.238
-0.0790545
-0.0517097
0.10609
-0.314024
0.0207371
-0.177442
0.0462079
-0.0790294
0.433517
-0.160478
-0.265831
-0.477121
-0.081618
0.262912
0.34606
0.878491
0.231244
0.227825
0.149936
0.214454
-0.29429
-0.310425
-0.340099
0.0526054
0.233936
0.338666
-0.209718
-0.397192
-0.530451
-0.326817
-0.359203
0.429326
-0.415037
-0.148125
0.00890967
0.670717
-0.148634
0.201189
-0.0327542
-0.0584674
-0.0206071
-0.146452
-0.0136037
-0.00866819
-0.551085
-0.293044
-0.408373
-0.160322
-0.0483806
-0.224117
-0.019585
-0.0576396
-0.0920211
0.167993
-0.247426
-0.501103
0.646899
0.536752
0.363084
-0.0842558
0.218558
0.61
0.132206
-0.174473
-0.109957
-0.0316797
0.0550238
-0.478012
-0.323273
-0.125743
-0.246639
0.530741
0.473365
-0.298287
0.0870441
-0.0025208
0.0124635
0.0699476
0.191685
-0.395768
0.239353
0.00537664
-0.40082
0.217287
0.0148315
-0.118791
0.163411
0.804863
-0.332453
-0.70283
-0.567231
0.0493479
0.0385659
-0.535499
0.158542
0.0760451
0.110528
0.0261062
-0.053672
-0.130188
0.105221
0.135948
0.0283986
-0.0164992
0.102166
-0.0859351
-0.115665
0.137107
0.109947
0.0927815
0.798875
-0.199717
-0.139025
0.0565042
0.0672512
0.121022
0.0435164
0.0938239
-0.194462
-0.00872584
0.0298144
1.03243
0.572707
-0.13092
-0.176757
-0.234338
-0.0668246
0.256629
-0.159238
-0.0606464
-0.105381
-0.223289
0.350988
0.0748504
-0.141722
-0.121532
-0.0435973
-0.43325
-0.16828
0.0984882
-0.33971
-0.173502
-0.186304
-0.461747
-0.0590719
-0.198599
-0.139008
-0.320407
-0.0273322
-0.29233
0.0716033
-0.140451
-0.263023
-0.268902
0.248993
-0.295752
0.108299
0.0809342
0.0476693
-0.342689
-0.369272
0.938332
0.876622
0.0983316
0.0106394
-0.139584
-0.200832
-0.107002
-0.379344
-0.153304
-0.105155
-0.0619254
0.301251
-0.121673
-0.373491
-0.238118
0.0364622
0.502859
-0.0312827
-0.0890306
-0.17041
-0.426066
0.0483371
0.42601
0.236173
-0.0576146
-0.0914103
0.178366
-0.098979
-0.259644
0.0290902
-0.250136
-0.27298
0.988432
1.3496
-0.103797
-0.13726
0.0990194
-0.472233
-0.093092
0.678043
0.0120077
-0.461142
-0.518447
0.0542625
0.202894
0.394068
-0.0530231
-0.112019
-0.104506
-0.0649408
-0.428206
-0.242155
-0.502495
-0.144237
-0.277104
-0.0983859
0.131555
0.00705365
-0.414959
-0.322176
0.51459
-0.00650293
-0.106034
-0.0596437
-0.144992
-0.0676331
-0.282465
-0.25596
-0.673262
-0.211833
0.22069
0.0819758
0.339
0.0263006
0.00169254
-0.0136218
0.390685
0.0739893
0.0565108
-0.0443889
-0.914322
0.0940684
0.48682
-0.171207
0.031192
1.43157
0.0919541
0.233302
-0.0097017
0.0929273
-0.425374
0.149217
-0.0549582
0.594813
0.110531
-0.0506501
0.172033
-0.0203758
0.156778
-0.0272023
-0.652158
-0.269161
-0.324216
-0.430413
-0.0514754
-0.710351
-0.658706
0.206609
0.0401066
1.22907
0.439775
-0.115131
0.428737
-0.18197
-0.187278
-0.0457575
-0.144398
-0.368421
-0.223604
-0.522065
-0.123744
-0.0644934
-0.0396806
-0.0422673
-0.108805
-0.383684
-0.3197
-0.525963
0.169302
0.0182613
-0.0538101
-0.385288
0.0352107
-0.00542258
0.0325358
0.234581
1.07882
-0.379747
0.101619
-0.0505102
0.124211
-0.0990478
-0.308454
-0.266084
-0.966359
-0.119865
0.490757
0.3321
0.262055
-0.857245
-0.372749
-0.288124
0.0427028
0.535329
-0.263593
-0.0622012
-0.0624953
-0.178012
-0.306187
0.921489
0.261878
-0.353799
0.188006
-0.321649
0.0242386
-0.185027
-0.281527
-0.435337
-0.681844
0.081277
-0.103227
-0.519864
0.184504
0.158296
-0.109938
-0.252935
0.23719
-0.331807
-0.163696
0.0963048
0.193748
-0.189387
-0.301249
0.645317
0.0864408
-0.116674
0.339079
0.078961
0.166493
-0.0717618
0.436855
-0.0158707
0.231714
0.12667
0.265561
-0.310049
0.383492
0.654861
0.954991
0.389428
0.505641
0.103488
0.119122
0.0550524
-0.140857
0.556971
0.522969
1.32868
0.017822
0.252725
0.0267834
0.75456
1.17003
0.281643
-0.152915
0.329803
-0.0239397
-0.549504
-0.274266
-0.651388
-0.131137
-0.00895011
-0.14589
-0.719482
0.441759
0.201327
0.216964
0.364669
0.263497
-0.251078
-0.217642
-0.328401
-0.342608
-0.126469
0.113609
-0.0563634
0.259073
0.246834
-0.0701126
-0.0926545
0.236241
0.673848
0.681079
-0.135489
-0.0257572
-0.0135442
-0.470596
-0.559465
-0.468874
-0.661788
-0.289681
-0.532122
-0.0582717
-0.119667
0.488225
-0.125905
0.192257
0.0665075
-0.466881
-0.232199
0.029025
0.131169
0.322394
0.0363258
-0.517093
-0.460094
-0.00988367
0.421877
-0.291294
0.179974
-0.0678226
0.832833
0.531696
0.378185
0.625707
0.0711503
0.0475691
0.502068
-0.61752
-0.0312429
-0.185179
-0.142986
-0.122353
0.0224355
-0.0740363
0.743594
0.16405
0.0632506
-0.164699
0.236194
0.560249
0.157987
-0.167021
-0.0396945
-0.0498275
0.270464
0.170955
0.112599
0.432297
-0.0997153
0.228706
0.334618
0.077588
-0.382592
-0.292723
-0.0243794
-0.114645
-0.0763385
-0.248882
-0.023445
-0.372415
-0.0401679
1.58796
0.566057
0.144718
-0.102079
0.321154
-0.37713
0.10475
-0.0773218
-0.541249
0.38323
-0.0394705
-0.320197
-0.223671
-0.237818
-0.12319
-0.529606
0.107777
-0.0554939
-0.397547
-0.3219
-0.0198021
0.545139
0.28889
0.242862
0.305333
0.0172733
-0.633031
-0.20714
0.97463
0.0179513
-0.0232285
-0.0513708
1.0852
0.978554
0.097716
0.115694
-0.188043
-0.173935
-0.289549
-0.294458
-0.0529361
-0.105759
-0.0332941
-0.0456691
0.018814
0.0380555
0.102371
0.109893
0.182386
0.150307
-0.062411
-0.0750341
1.24659
1.28384
0.100529
-0.0848464
0.441854
0.448236
0.0745753
-0.233473
0.00380627
0.132933
-0.097775
0.463551
0.162248
0.026109
-0.0422026
1.31982
0.0989391
0.203196
0.112661
0.102205
-0.0378558
0.135082
0.0124516
-0.331288
-0.249918
-0.00244356
0.158725
0.382988
-0.333101
-0.583512
-0.245009
-0.00708242
0.0787006
0.0806017
-0.149739
0.210242
0.232936
0.123186
-0.0409566
0.00809774
-0.133072
0.125092
-0.184319
0.103706
-0.0983123
-0.232926
-0.15498
1.21227
-0.213269
-0.203606
-0.642125
0.0972201
-0.135824
0.345862
-0.308764
0.616625
0.913918
0.152771
0.221849
-0.144308
0.0107963
0.639993
-0.0593827
0.616911
-0.111368
-0.136765
-0.0766737
-0.0752693
-0.0587624
-0.103517
0.0484943
-0.165522
-0.351383
-0.265009
0.13927
-0.307681
-0.151311
-0.129746
-0.323291
0.152791
-0.406584
-0.444513
-0.0613417
-0.571215
-0.00403058
0.649308
0.640971
0.276793
-0.176336
0.426613
0.442313
-0.145791
0.428973
-0.200659
0.139138
-0.286833
0.0903109
0.35853
-0.67298
0.0322996
0.760159
1.15032
-0.168263
0.0327769
1.33468
0.284743
-0.277381
-0.24964
0.00269582
-0.217107
0.0620193
0.149717
-0.677809
0.16762
0.00047542
-0.594352
0.244856
-0.295835
-0.428569
-0.276114
0.292155
-0.353017
0.196307
-0.0329022
0.101555
-0.0709019
-0.453034
-0.407254
-0.777626
-0.563521
0.179181
0.50124
0.690838
0.790391
0.130686
0.319053
0.160155
-0.00188579
-0.063242
-0.164165
0.198056
-0.291476
-0.385633
-0.3863
-0.07684
-0.0296916
-0.0732921
-0.659765
-0.694311
-0.181913
-0.146918
-0.276533
-0.0577038
-0.195211
0.00431184
-0.0598701
0.036895
0.159206
-0.03993
-0.22693
-0.365614
-0.351786
-0.437823
-0.373343
-0.0690175
0.000533699
-0.104096
0.0749647
0.931411
0.352613
0.124028
-0.254234
-0.00661039
-0.0874952
0.490603
0.455133
1.18795
-0.38449
-0.00816576
-0.103534
-0.151861
0.114248
-0.069415
-0.186679
0.597896
-0.129892
-0.184849
0.0600523
-0.416998
-0.0172927
0.240848
0.225412
-0.169312
-0.256911
0.113358
-0.182507
-0.19288
-0.0471907
0.117305
0.161837
-0.112438
-0.6707
-0.141575
-0.263149
-0.239515
-0.30907
0.234655
-0.0444409
0.0720368
0.278981
0.568744
0.0401064
-0.151161
-0.393699
-0.0415549
-0.0667728
-0.142248
0.213617
0.495979
0.437857
0.152447
-0.32854
-0.450978
0.136928
-0.14708
0.13524
-0.539047
-0.643596
-0.109516
0.51026
-0.324335
0.0540123
-0.662937
0.152559
0.182737
0.334139
0.661949
-0.0499937
0.939398
0.152249
0.324497
-0.218647
-0.389667
-0.476841
-0.171897
0.467838
0.871545
0.0876747
0.296105
-0.115352
0.0209662
0.0114165
1.46009
1.26439
0.375541
0.0890767
-0.0782999
-0.136387
-0.139491
0.00578032
-0.0636954
0.0549721
0.0650247
0.353247
-0.206038
0.0313659
0.0328315
0.534167
0.747836
0.00200783
-0.328219
-0.0943006
0.237487
0.224444
0.029202
0.0119942
0.0288018
-0.135685
0.519577
0.170003
0.291491
0.169803
-0.267829
-0.203628
-0.262883
0.272949
-0.595874
0.0559823
0.278989
-0.0641693
-0.0622431
0.869418
-0.136641
0.534701
-0.155462
-0.0924604
-0.707183
-0.0636012
-0.141568
1.53305
0.138722
0.378239
-0.317904
0.128961
0.210259
-0.111388
-0.362181
-0.0221057
0.189302
-0.193922
-0.291195
-0.137883
-0.0984785
0.278997
0.181073
0.20545
-0.44102
0.79115
0.309915
-0.294596
0.254156
0.0207312
0.0541404
-0.238477
-0.0129973
0.200871
-0.258104
-0.293054
-0.468441
-0.304943
-0.727466
0.274414
-0.149778
0.227438
0.4732
0.0871775
-0.213621
0.797653
-0.238686
-0.0656562
0.392156
-0.679109
-0.234696
-0.254411
-0.0741785
0.174414
0.322864
0.110503
-0.0115613
0.169571
0.0815917
0.00836053
0.076226
0.0287475
-0.570615
-0.0603932
0.781329
0.0420719
0.294429
-0.64816
-0.102134
0.0534877
0.378631
0.237817
0.209543
0.211641
-0.163891
0.303796
-0.404215
0.501304
0.0621607
0.0737298
-0.219395
-0.0332864
-0.790824
0.233115
-0.227632
0.193086
0.603605
0.159495
-0.454001
0.389568
0.13902
0.0582403
-0.075199
-0.132818
0.0858755
0.565286
-0.310051
0.696497
-0.374458
0.439089
0.408193
0.175922
-0.153671
0.241745
0.305851
-0.549703
0.983236
-0.277616
-0.200026
0.618992
0.0458973
0.010871
-0.731272
0.0670445
0.246822
-0.11111
-0.184629
-0.029096
0.479199
-0.616057
0.0201948
-0.381722
-0.137147
0.164531
0.0485087
-0.382136
0.0154651
0.110854
-0.821366
-0.115549
0.0464847
-0.77891
0.355639
0.242506
0.334008
0.0719784
0.0578365
-0.121069
-0.657008
0.359643
0.516164
-0.0563537
0.192394
-0.00282106
-0.258933
-0.172951
-0.322835
0.1566
0.717963
1.00102
0.122014
0.538885
-0.00835426
-0.167892
0.0298421
-0.37082
-0.32512
0.16652
0.0258537
0.203143
0.620754
0.475158
-0.272438
-0.274126
0.108924
0.393137
0.0458219
-0.729934
-0.372776
0.0576676
0.372024
1.16375
0.528497
-0.279912
-0.160811
-0.275134
0.0240501
0.206826
-0.0877526
0.184443
1.28281
0.163112
-0.603519
-0.0136537
-0.15756
0.400921
-0.316311
-0.070487
0.752682
-0.438394
0.164114
-0.565482
-0.28661
0.0473273
0.52804
-0.666896
-0.548518
0.0513142
0.287248
0.0724876
-0.0737152
-0.248436
-0.0655528
-0.153168
-0.0209555
-0.0158583
0.0841541
-0.146596
-0.001769
-0.328324
-0.386996
0.542027
0.343398
0.302951
0.493241
-0.837716
-0.323241
-0.0900885
-0.103026
-0.179343
0.0987335
0.219028
-0.346484
-0.769443
0.10885
-0.170249
0.462366
-0.275236
-0.0313275
0.382271
0.219874
0.212025
-0.282092
0.299972
-0.188954
0.106255
0.188825
0.00658935
-0.0802056
0.36169
-0.630722
0.078918
0.0220943
-0.0403506
1.35578
1.14251
0.00890891
0.858423
0.0990054
-0.331638
-0.10199
-0.222571
-0.0946771
-0.167491
-0.0178122
-0.0183268
-0.138023
-0.240079
-0.0369598
-0.461387
1.30008
0.156811
0.214823
0.127271
0.131046
0.282098
0.23154
0.0142677
0.00289381
1.23397
0.732903
-0.0655173
0.314211
-0.0490272
-0.0582918
0.665619
0.000839395
-0.0848108
0.192844
-0.0597296
0.373189
0.027262
0.297349
-0.118738
-0.00933503
-0.0763015
-0.0581776
0.31619
-0.0820749
0.160578
0.115663
-0.046964
0.0225251
-0.206943
0.340317
0.629487
0.5115
-0.471039
0.937073
0.629547
-0.309459
-0.277469
0.0428764
-0.136834
0.147993
-0.263983
-0.167875
0.0417166
0.0606559
0.473345
-0.0700491
0.57372
0.358347
-0.173803
-0.196681
-0.0143279
-0.448748
-0.436092
-0.164362
-0.0167531
0.0854235
0.223052
0.0548762
-0.0286254
0.067791
-0.0944782
0.044074
0.0114493
0.0234058
-0.16554
0.2146
0.402531
0.337481
-0.114033
-0.0600242
-0.415381
-0.0663721
-0.352253
0.877289
0.00446743
-0.618661
-0.56257
0.0920992
0.0324832
0.193954
-0.040016
0.166096
-0.098846
-0.222993
1.32747
-0.208671
-0.12033
0.227272
0.0720338
0.839549
-0.0621479
0.329824
-0.817318
-0.263366
1.31117
0.42405
-0.000227546
0.594818
0.665712
-0.0476801
0.0177857
0.307724
-0.099161
-0.0899718
0.104495
0.0985281
-0.213332
-0.119252
0.189758
0.271295
-0.00189325
0.0208535
0.202045
-0.248709
0.13384
-0.647996
0.0854603
-1.0994
-0.737614
-0.101796
-0.076312
0.316012
0.668275
0.143008
-0.0500958
-0.671438
-0.079642
-0.350039
1.26459
0.101341
0.0510848
-0.10259
-0.160529
0.0747161
1.16073
0.294233
-0.475838
-0.317843
-0.280869
-0.0451921
-0.00536961
0.107395
-0.19455
0.0627004
0.142074
-0.33336
-0.0710868
-0.207815
-0.391732
-0.610264
-0.69235
0.678483
1.04956
-0.0485124
-0.462918
0.138523
-0.224489
-0.477037
-0.139649
-0.214148
0.0264276
-0.294858
-0.259993
-0.112308
-0.469438
-0.426913
0.128754
0.265405
-0.522288
0.0135822
-0.185316
-0.00211677
0.0941158
0.384595
-1.02107
-0.04176
0.212519
-0.191455
-0.212873
0.286941
0.176301
0.248471
-0.125992
-0.0509758
0.167652
0.0600602
-0.0927238
-0.040016
-0.0257758
-0.0134889
-0.0306366
0.0139984
-0.0981469
0.0925537
0.605993
-0.737912
-0.459166
0.145817
-0.0225624
-0.357277
0.936156
0.0323595
0.00226552
0.122147
0.138891
0.0235177
-0.123413
-0.000988129
0.0370211
-0.0658857
0.158424
-0.187461
0.459851
0.134363
0.0754443
-0.0356608
-0.0347378
0.067713
-0.348056
-0.190212
-0.109342
-0.566233
-0.583249
-0.0535982
-0.234955
0.183689
-0.191682
0.0616196
0.00151587
-0.0662014
-0.26333
0.159589
-0.100443
-0.26598
-0.175502
1.4329
0.587478
0.558504
-0.194144
-0.415649
-0.139024
0.00396933
-0.587074
-0.00364483
-0.0322076
0.0245892
-0.180941
-0.378063
0.061432
-0.022816
-0.201698
-0.241572
-0.271586
-0.203904
-0.570926
-0.245159
-0.482258
1.40461
0.252512
-0.202222
-0.0699187
-0.0296225
0.184146
0.391563
0.407871
0.137603
-0.44183
0.0688451
-0.124807
-0.257821
-0.197298
0.0762567
0.12852
0.143044
0.217097
-0.262403
0.139572
0.573882
0.237283
-0.132557
-0.150204
0.92739
0.464762
-0.16439
-0.240098
-0.20111
-0.359192
-0.0567623
-0.0178772
1.45622
0.0802048
0.0951186
0.112983
0.463869
0.544392
0.00980392
-0.388909
-0.120568
-0.591258
0.833151
0.11185
0.166378
1.23882
-0.289386
-0.0360039
-0.216274
-0.229711
-0.173325
-0.526339
-0.277487
-0.25329
0.595751
0.212161
0.0900398
-0.000191184
-0.510526
-0.279557
-0.22528
-0.204446
0.264516
0.321207
-0.548112
0.293388
0.346732
0.473477
-0.234336
-0.246127
-0.0193138
-0.157504
0.598686
0.197372
0.502474
0.212435
0.218249
0.120171
0.59454
0.323508
-0.182937
-0.102572
0.131302
-0.0894491
-0.379627
0.00125701
0.192761
-0.0675647
-0.00649507
0.0238233
0.134198
0.265803
0.899481
0.13318
-0.166561
-0.0999591
-0.715321
-0.201921
-0.219317
-0.0671459
0.415132
0.294447
0.710128
-0.0237143
-0.0340835
-0.0940494
-0.0569085
-0.722058
-0.39794
0.182179
0.223465
0.794501
0.0222076
1.10845
-0.204522
-0.812714
0.075251
-0.387028
-0.203287
-0.352099
0.102085
-0.101284
0.0589779
0.184051
0.274701
-0.0846937
0.0720582
0.00654784
-0.108624
-0.0246406
0.0293346
-0.347167
-0.128809
-0.682951
-0.184981
-0.261463
-0.301877
0.290597
0.249191
-0.202939
0.517762
0.195594
0.0771401
0.0482139
-0.402145
-0.0540179
-0.573758
-0.278924
-0.321016
0.0483565
-0.0158783
0.0147533
-0.365212
-0.350688
-0.284341
-0.249001
-0.107234
0.210736
-0.0799095
-0.582947
0.201632
-0.202898
0.540721
0.538195
-0.0113962
-0.167755
-0.0960292
0.0795359
0.316343
0.146953
0.203196
0.126196
0.127617
0.171931
0.383666
0.0797381
0.37783
-0.61083
0.709445
-0.305286
0.203646
-0.12946
-0.286645
0.253058
1.50265
-0.0681022
-0.391221
0.0355207
-0.340013
-0.287214
-0.301444
-0.0973592
-0.021944
-0.267275
-0.29659
-0.582201
0.048342
0.253165
-0.029673
-0.0282598
-0.271351
-0.043284
-0.123827
-0.170572
-0.183295
-0.0566154
0.00723337
-0.188654
-0.335082
-0.179267
-0.728584
-0.277583
-0.573859
0.258761
0.250814
-0.327359
0.263011
0.143175
0.293281
-0.137439
-0.200098
-0.0206688
-0.154639
0.0586174
0.676101
-0.460586
-0.0702439
-0.253372
-0.46976
0.243159
0.206567
0.00363888
0.58199
1.3026
1.2555
0.611009
0.395133
-0.215573
0.257061
-0.143565
-0.0630701
-0.138578
0.23591
-0.465575
-0.116073
-0.0463618
0.152491
0.303066
0.180314
-0.477666
-0.192829
-0.259958
-0.124486
-0.48971
-0.261986
-0.20061
0.0323345
-0.220814
-0.0278594
0.0877431
0.328714
-0.455782
-0.281595
0.0531572
-0.146886
0.147505
0.00821754
-0.930686
0.148636
-0.11491
-0.231578
-1.00738
-0.44207
-0.647109
-0.270308
-0.0335059
-0.0110584
-0.0919232
0.585558
0.188298
-0.250144
0.434852
-0.112607
0.169961
-0.531946
-0.462916
0.0670421
-0.184776
0.424965
0.00136783
0.149192
-0.198751
-0.202726
0.210631
-0.0666191
-0.255688
-0.301588
-0.0334008
0.0600419
-0.0425476
-0.487023
0.0908244
0.144222
-0.520553
0.691292
-0.486819
-0.0729658
-0.00612248
0.00867259
-0.0390068
0.827718
-0.0967461
-0.446985
0.326624
-1.01495
-0.0973215
-0.317532
-0.833918
0.395909
-0.0392026
0.199014
0.693498
0.287908
0.170696
0.101251
0.237862
-0.346591
0.760951
-0.127705
-0.495354
-0.333352
-0.0567571
-0.252026
-0.272235
-0.40347
-0.30603
-1.10711
-0.0428733
-0.13711
-0.583658
-0.0276448
-0.204206
-0.0581755
-0.0593787
-0.109598
-0.0760813
0.0772132
0.0447284
0.0493763
0.871089
1.37301
1.28248
0.447046
0.767023
0.790498
0.100487
0.0887375
-0.103465
-0.00771228
0.221402
0.137592
-0.408195
-0.25826
0.662573
0.358707
-0.508632
-0.214335
-0.203227
0.53153
0.0719006
-0.202645
0.172893
0.0661036
-0.280209
-0.477653
-0.460491
0.101943
0.0226274
0.201559
-0.0363376
-0.0842861
0.110645
-0.0166994
-0.0498375
-0.367886
-0.582655
-0.200996
0.430696
0.177225
0.226932
0.408249
0.842169
0.116882
-0.136185
0.399339
0.372843
0.0129074
0.322353
1.49705
0.0757958
0.262055
0.603544
0.174163
-0.10067
-0.51965
-0.399926
0.00428467
-0.523948
-0.446405
0.0213425
-0.486458
0.270308
0.225318
0.0189265
0.0599781
0.00571794
-0.0736156
-0.0728651
0.307645
0.193795
0.131484
-0.0513466
-0.174863
-0.164561
-0.0481548
-0.25269
-0.0905837
0.0208881
-0.213273
0.0246358
-0.204652
0.324415
-0.211131
0.772384
0.375152
-0.0222438
-0.695392
0.308005
0.0674428
-0.341624
-0.358739
-0.284362
-0.986191
1.13981
-0.0761804
0.766497
0.0986871
0.290884
0.0848677
0.597848
0.0174439
0.475103
-0.171168
-0.61495
-0.109622
-0.0657856
-0.110631
0.0386397
0.227043
0.042752
-0.26886
-0.472786
-0.114004
-0.244946
-0.149232
-0.0525649
0.0813902
0.221943
-0.48866
0.155836
0.0119538
0.040612
0.0272945
-0.374808
-0.10367
-0.237332
0.02969
-0.0406826
-0.123407
0.0123448
-0.0582606
-0.695745
-0.0780865
0.057938
0.132807
1.17562
1.71447
0.00938274
0.26808
0.283035
-0.129007
0.439123
-0.502767
-0.111596
-0.0832401
-0.452908
-0.0942699
0.104843
-0.0689621
-0.30103
-0.0684896
-0.588818
-0.0385514
-0.14752
-0.100224
0.0516451
0.260921
0.514989
-0.00780602
-0.251596
-0.258986
-0.0683968
-0.164481
-0.0144072
-0.308486
-0.27337
-0.293701
0.370265
-0.135473
0.0225297
-0.0303119
-0.440091
0.00157639
0.0429383
-0.0338583
0.313063
-0.0515207
0.26862
0.129502
0.191911
-0.19529
-0.164515
-0.151919
0.0906553
-0.0846666
-0.120314
-0.718502
-0.00242083
-0.261539
-0.307037
-0.136864
-0.162091
-0.38719
-0.0245737
0.025903
-0.4957
-0.379094
-0.0484807
0.339847
0.0256394
0.138028
0.7006
-0.40844
-0.151028
0.173983
0.0697981
-0.425616
0.172155
0.0907158
-0.127112
-0.577563
-0.12971
-0.397136
0.376235
-0.279416
-0.299733
0.0377885
-0.218801
0.0169917
0.0338531
-0.171774
-0.256211
-0.00753021
-0.0371799
0.25901
-0.0770637
-0.0878633
-0.399825
-0.417079
-0.33234
-0.0525973
-0.316146
-0.125387
0.373523
-0.186681
-0.173697
-0.0815193
0.11688
0.460391
0.191145
-0.209216
0.190572
0.607934
-0.143519
0.210871
0.149762
0.58721
1.38308
-0.0321405
0.0727945
0.47174
0.52712
0.230626
0.0496878
-0.1113
-0.287562
0.17396
0.0679206
-0.142997
-0.245684
0.182394
-0.256585
-0.360548
0.0162241
-0.529133
0.244376
-0.0965053
-0.0197341
-0.12469
0.163336
0.387773
-0.366951
-0.337018
-0.0634563
0.873454
0.422042
0.875817
0.959358
0.451378
0.0340179
0.329631
0.664429
-0.1495
-0.0455948
-0.22811
-0.200961
-0.0867569
-0.22281
0.286894
0.0252048
0.961068
0.334394
-0.0248236
-0.284173
-0.470178
0.0671478
0.491701
0.428031
-0.97311
-0.318438
0.259887
0.454763
0.25978
-0.0268762
-0.0788431
0.188826
0.305086
0.0419217
1.62934
1.20161
-0.130466
-0.106894
0.118595
-0.0220397
-0.27766
-0.0174295
-0.0226274
-0.370734
-0.0581283
-0.400763
-0.529216
-0.253723
0.0390904
-0.069851
0.139204
-0.0313499
0.736591
-0.702826
-0.0588903
0.0717947
-0.134605
0.114832
0.978431
-0.224808
0.146989
-0.0108157
-0.0533864
-0.075274
-0.243671
-0.0379763
-0.36595
0.0461407
0.0599535
-0.0174359
-0.0419758
0.220105
-0.105749
0.0132152
-0.104293
-0.370357
-0.0869488
0.129095
-0.541648
0.0810201
-0.363182
-0.109266
-0.200582
-0.0248901
-0.149266
-0.323216
-0.143632
-0.811669
-0.157312
-0.0215843
-0.121659
-0.308602
-0.062801
0.54261
0.388523
0.132325
-0.116066
-0.317239
-0.0844028
0.0194506
1.01432
0.357634
-0.092326
-0.528394
-0.524392
-0.0586592
0.654505
0.171682
-0.0865413
-0.349255
0.00120756
-0.11407
-0.352015
0.00688715
0.714183
-0.198158
0.0224941
0.347312
0.10136
0.127991
-0.47777
-0.604763
-0.2113
-0.146259
0.177319
-0.487857
0.956106
0.0118992
0.0354309
0.137838
-0.0124075
-0.0485002
-0.156447
-0.267153
0.168768
0.0451868
0.175667
-0.0518616
-0.509482
-0.152541
0.529537
1.13195
0.169295
0.319995
0.203846
-0.320255
0.205638
-0.136377
-0.24609
-0.0543908
0.265828
-0.243185
-0.33697
-0.10296
-0.0815785
-0.417613
-0.236197
-0.132199
0.152544
-0.199244
0.170899
-0.104683
-0.16506
-0.192278
-0.188742
-0.155896
0.0261867
1.1968
-0.383715
-0.537607
-0.140989
0.296171
0.282888
-0.0981093
0.390712
0.0800883
-0.181337
-0.325503
-0.139521
0.482194
0.901612
0.282313
0.36094
-0.0691283
-0.372641
0.222956
0.221849
0.0246669
-0.177366
0.523692
-0.523977
-0.454305
-0.178161
0.242331
-0.0650627
0.152696
-0.0732156
-0.186862
-0.246805
0.494277
0.627648
-0.616222
-0.313516
-0.20794
-0.410483
-0.342686
-0.115435
0.80045
0.163183
0.0659876
-0.303266
-0.337815
1.04472
-0.0217779
0.504766
0.299087
-0.331552
-0.0433842
0.296983
-0.0346612
0.129365
-0.0702163
-0.100179
-0.0170076
-0.426617
-0.14974
0.0254045
1.14113
-0.0258334
0.419202
-0.344645
0.0839394
-0.105949
-0.101601
0.168261
-0.230026
-0.309253
-0.105155
0.454854
0.477003
0.122199
-0.281434
0.0654469
0.298536
0.291944
0.0413162
-0.308933
-0.268821
-0.082381
0.540147
-0.0398404
-0.239418
-0.413222
0.0749833
-0.0980439
0.142674
-0.038075
-0.216193
1.25476
-0.0454516
-0.0780442
0.123744
0.274555
-0.16564
-0.498164
0.0177963
-0.250266
0.106574
-0.165537
-0.24215
0.139563
-0.257024
0.208513
0.477121
0.27234
-0.0790977
-0.189147
0
-0.0314339
-0.118648
0.195825
-0.14132
-0.0911067
0.0604995
-0.0446915
0.00116434
0.270054
0.282985
0.149296
0
0.301317
0.121187
0.343689
0.265096
0.048674
0.248492
-0.00914337
0.110604
0.189935
-0.194383
-0.244119
0.102043
0.576452
0.0875874
0.620959
0.63053
0.596941
0.113369
0.172407
-0.235158
-0.288304
-0.0259912
-0.124797
0.197265
0.0699291
-0.500116
-0.117777
0.014016
0.0601231
0.0981198
0.138024
0.08091
-0.26293
-0.293699
-0.135718
0.168949
1.35895
1.5943
-0.0909766
-0.123389
-0.103933
0.351614
0.0918442
0.350715
-0.327461
-0.18879
0.130627
0.00893949
-0.243836
0.246851
-0.84885
0.0697622
-0.517603
0.0940452
-0.0987258
0.27707
-0.288543
0.339302
-0.476923
-0.10579
-0.00107464
-0.242516
0.0704577
0.00457887
-0.537388
-0.538193
0.487304
-0.108365
-0.0598226
0.102922
0.294285
0.137976
0.644011
0.174269
0.17974
0.280013
0.00423535
-0.665052
-0.51257
-0.0668316
-0.575083
-0.331114
0.329344
0.235289
-0.114157
0.0441657
0.338509
0.394625
0.283032
-0.0695738
0.619747
-0.205492
-0.0644671
-0.150114
-0.049229
0.204609
-0.264002
0.210976
0.18499
-0.478545
0.211961
-0.128085
0.368864
0.293257
1.51361
-0.746061
-0.839638
-0.332864
-0.497867
-0.180937
-0.294229
-0.00786469
-0.114323
0.180691
-0.313127
0.142185
-0.22705
-0.0641928
0.0473792
0.283986
-0.0954675
-0.00995682
-0.0316935
-0.246119
-0.250783
0.119423
-0.143593
-0.212368
-0.499114
0.517092
0.169272
-0.0333581
0.14008
-0.064664
-0.572643
0.300777
-0.310834
0.0247802
0.223905
-0.435412
-0.596565
-0.21276
-0.652194
-0.510716
0.53976
0.368142
-0.241126
0.216994
-0.00858657
0.0204915
-0.0600658
0.352206
-0.52625
0.498427
0.275957
0.288554
-0.450395
-0.806356
1.23236
0.143533
0.501358
-0.0110727
-0.225465
-0.948526
-0.164359
-0.77843
-0.279848
-0.0954838
0.0217094
-0.799181
-0.739503
0.245072
-0.135839
0.152254
0.23092
-0.74634
0.299081
0.206782
-0.0169429
0.0319692
-0.118661
-0.0285683
0.160095
-0.033012
-0.153915
0.215088
-0.439213
-0.520432
-0.496977
-0.355668
-0.133063
-0.232324
-0.00872357
-0.164023
0.318007
-0.466035
0.251267
0.181818
0.142217
-0.0864751
0.0479652
0.0245779
-0.0814128
-0.0375264
-0.342627
-0.0740537
-0.302559
-0.133049
0.43783
0.441539
0.698566
-0.693167
0.147571
0.0773035
0.152473
-0.153483
0.0953534
0.439613
0.00134115
0.0963829
-0.311895
0.207923
0.0270848
-0.0795777
-0.0432279
-0.0245664
-0.0370849
-0.21389
0.0904103
0.172853
-0.405734
-1.00878
-0.0574959
-0.158693
0.071887
-0.0967589
0.0424353
-0.185953
-0.246153
0.177031
0.360776
0.24116
-0.59496
-0.552678
0.29948
-0.0892061
-0.0554796
0.042314
0.198058
-0.195557
-0.148903
-0.15841
-0.0433082
0.346934
-0.00756245
-0.0449844
-0.0285728
0.0493513
-0.0868265
1.11632
0.467263
0.176091
0.117518
-0.433768
-0.320685
-0.0723953
0.261004
-0.136351
-0.563167
-0.304038
-0.283313
0.263155
-0.154665
0.00982907
-0.0935275
-0.121986
-0.227463
-0.0505632
-0.0657272
0.235892
-0.132725
0.149024
-0.636023
-0.132937
0.358487
-0.263102
-0.337052
0.212103
-0.239855
-0.32157
0.149552
0.0225763
-0.0370767
-0.256251
-0.250752
-0.207099
-0.325183
-0.395666
-0.376236
0.239481
-0.212359
-0.540728
-0.535087
-0.453582
0.161057
-0.136544
-0.00792049
-0.216163
0.331216
0.255145
0.154815
-0.0416015
0.314797
-0.516377
0.138616
0.0152515
0.0694786
-0.556947
-0.382205
-0.0951021
0.385131
0.972467
0.571273
-0.128905
-0.0687158
-0.203304
-0.285517
-0.334916
0.30282
0.594934
0.0181402
0.11032
0.568901
0.124939
0.315531
-0.113326
-0.0778047
-0.143282
-0.353884
0.190372
0.471741
0.976971
-0.0859647
-0.547104
-0.146093
-0.850789
-0.068158
-0.550848
-0.137162
0.24061
-0.0981091
0.0963298
0.309423
0.00597768
-0.0105453
-0.4257
-0.0804724
-0.123579
-0.100207
0.324994
0.278616
-0.0422097
0.100716
0.257624
-0.139444
0.0571093
0.13771
-0.770163
-0.119601
-0.383367
0.286848
-0.286757
-0.13902
-0.0556442
0.383428
-0.157699
0.195342
-0.101958
-0.405367
0.577091
0.211675
-0.149729
0.0721232
0.0863422
0.245656
0.043983
-0.0450382
-0.276627
0.468266
-0.228732
-0.00490519
-0.501029
-0.155754
0.0865527
-0.760011
-0.118966
0.0200917
-0.325923
-0.0191959
-0.0787902
0.330365
-0.209847
-0.492408
-0.246428
-0.0516763
-0.264399
-0.271411
0.662842
0.217602
-0.198501
-0.117704
0.166222
-0.241405
-0.076123
-0.309921
-0.250133
-0.242367
-0.0321046
0.00688542
-0.152233
-0.0300878
-0.0818895
-0.0244149
-0.294001
0.0166406
0.131182
0.0460585
0.704656
-0.278711
-0.156866
-0.12623
-0.116192
0.228173
0.142668
0.614858
0.179455
-0.0843383
0.0300922
-0.017972
-0.0665557
-0.225852
-0.731742
-0.329176
0.123452
-0.190586
-0.85384
-0.278319
-0.373145
0.284661
0.0452619
-0.220815
-0.0726358
-0.157692
-0.371949
0.104657
0.307174
0.497431
-0.114643
0.0912766
-0.170924
0.23222
0.280561
0.0698911
-0.0773213
-0.157806
-0.172806
-0.459187
-0.197391
0.0133267
0.123477
0.465879
0.00557551
0.0439102
0.293655
0.128245
-0.198071
-0.346212
0.120555
-0.0694499
-0.0790667
-0.15433
0.86547
-0.315011
-0.244255
-0.261144
-0.214008
0.604779
0.0149338
0.0633217
-0.302678
0.959426
-0.0466556
-0.467664
0.755726
-0.064603
0.0933102
-0.232868
0.0478916
0.248762
0.113239
0.122642
-0.110791
-0.230882
0.0134509
0.0826622
0.0965781
0.708032
0.712386
0.353236
0.090513
0.104428
-0.562145
-0.0460534
-0.146305
-0.482714
-0.197677
0.0157085
-0.000706718
0.0837709
0.302441
0.0923548
-0.223818
-0.145881
-0.218749
0.219804
-0.0686724
0.32342
0.209685
0.583251
-0.433826
0.0691115
0.257447
0.268983
0.119036
0.00013205
-0.0790135
-0.613677
-0.627832
-1.20643
-1.07743
0.185005
0.143067
-0.429894
0.369781
-0.0431274
-0.36847
-0.222462
-0.0964976
-0.291252
-0.486509
-0.774141
-0.0848832
0.106857
0.269868
0.11732
-0.0077181
0.0106475
0.275654
-0.444191
-0.143387
-0.523688
-0.113351
0.334733
0.371823
0.0603459
-0.265397
-0.0856366
-0.345995
-0.256616
0.0185783
-0.0437403
-0.680579
-0.170671
-0.196878
0.050793
0.924016
0.499977
-0.256736
-0.0624455
-0.630881
-0.185566
0.0805513
0.480117
0.0398066
-0.498547
-0.186607
0.307705
0.336885
0.395788
0.0862566
0.0411986
-0.0776441
0.0635861
0.123219
0.328544
0.180289
-0.19971
0.190345
-0.206634
-0.445813
0.301572
-0.240518
-0.175409
-0.454715
-0.641295
0.19781
0.178012
0.547652
0.124501
0.187295
0.263518
0.122195
0.171623
0.565127
0.0708219
0.336668
1.14438
-0.125719
0.385181
0.0437298
0.281396
0.348231
-0.0450839
-0.607689
-1.04525
-0.170473
-0.069679
-0.474635
-0.234986
-0.0853585
0.772016
0.000216663
-0.425343
-0.17945
-0.0411126
-0.395751
-0.0388528
-0.14285
-0.12812
-0.172165
0.170936
-0.0343325
0.499083
-0.0308244
0.534829
0.530468
-0.0459682
-0.0486054
0.413995
-0.129123
-0.0523198
0.0368596
0.278781
0.218393
-0.317045
-0.189402
-0.153408
-0.435245
-0.134634
0.0691334
-0.179296
0.0150479
-0.163236
-0.387628
-0.313295
0.0499878
-0.0206937
-0.0389409
-0.516701
0.0881287
-0.161244
-0.538463
-0.343816
-0.0773394
-0.527503
-0.416606
-0.602869
-0.182644
-0.162047
0.298448
-0.10462
-0.348671
-0.577381
-0.052571
0.309032
0.0582531
-0.394711
0.370759
0.149619
-0.0500741
-1.1723
0.776958
-0.794533
-0.463769
-0.432359
-0.128559
-0.180456
-0.219297
-0.231191
-0.146659
-0.0131887
0.0208611
0.0780901
-0.177901
-0.0969462
0.90695
1.25392
0.612523
0.391645
1.001
0.146215
0.0679652
-0.433528
-0.348581
-0.196496
-0.32997
1.19259
0.174216
-0.727735
-0.17096
-0.0340868
-0.0281466
0.402682
0.970469
-0.0924659
0.49277
0.520726
-0.506541
-0.413788
0.0993899
0.114955
-0.0816007
0.117313
-0.054303
0.506741
-0.282213
-0.206448
-0.0505564
0.142239
-0.11386
0.276117
0.38909
0.403618
-0.100376
-0.175662
-0.423921
-0.0121815
-0.343991
-0.369477
-0.0874807
-0.102721
-0.0667504
-0.103577
-0.591333
-0.683563
-0.30329
-0.00202472
-0.0126478
0.36821
-0.0260655
-0.0266266
-0.685514
-0.727009
1.33301
1.31126
0.0618439
0.21516
0.0284393
0.0570743
-0.226873
-0.191628
0.0366367
-0.399379
0.067385
-0.474902
-0.337759
-0.0243
0.203078
0.118848
0.329219
0.0653323
0.21698
0.24584
0.0623024
-0.00712013
0.0475396
-0.39376
-0.041603
-0.11697
-0.12838
-0.358751
-0.0903873
-0.151766
-0.571308
-0.254587
0.157427
0.730102
1.0703
0.0999763
0.251469
0.12966
0.00313875
0.387385
-0.372042
0.0416629
-0.0520694
-0.221222
0.161691
0.20306
0.160407
-0.143993
0.269444
-0.475534
-0.220927
1.36525
0.261989
0.0266561
0.0886361
-0.241324
0.208427
0.0926372
0.221767
-0.14827
-0.483501
-0.322806
-0.255334
-0.0214404
-0.0368093
-1.00134
1.32401
-0.0715095
-0.208653
-0.589147
1.16133
0.414996
-0.274336
-0.427381
-0.296181
0.454949
0.016128
-0.739777
0.0872958
-0.780839
0.12458
-0.216037
-0.464306
-0.517308
-0.14639
-0.32143
-0.268408
-0.228254
-0.157028
-0.058403
-0.373531
-0.203217
-0.102106
0.533021
-0.0812333
-0.223928
-0.771978
-0.793821
-0.268161
-0.195313
-0.425497
-0.135082
-0.0351805
0.305281
0.0175713
0.578366
0.177931
0.160098
-0.163144
0.117715
-0.690712
-0.524922
-0.113168
0.108013
0.365642
0.149721
0.192886
0.816915
-0.00256223
-0.137575
0.679617
-0.0995137
0.0843136
0.651788
0.0963927
-0.0278341
-0.138168
0.0860691
-0.234661
-0.0974189
-0.626087
0.190068
0.0717533
0.309013
0.0290612
0.0646358
0.448993
-0.263503
-0.168878
-0.0680272
-0.158207
-0.444898
-0.30304
-0.0951463
-0.0734
-0.0443543
0.10545
0.22003
0.498797
0.078663
-0.513999
-0.205898
-0.0492463
0.596879
0.0463382
-0.953674
0.144015
-0.788759
0.0173012
0.101498
-0.232737
-0.126839
-0.00390556
-0.562249
-0.305313
-0.319132
-0.113304
-0.224704
-0.111641
-0.187335
0.0118051
-0.597542
0.343332
0.0590215
-0.758353
0.157153
-0.0812232
-0.0785777
-0.0804926
-0.129559
-0.0896361
-0.138618
-0.0504679
0.0644273
-0.0630556
-0.0616826
-0.0935655
0.0245682
-0.495522
-0.131519
-0.0241188
0.210786
-0.285477
-0.503159
-0.305314
-0.300906
-0.22013
-0.676196
0.13005
0.156091
-0.142452
-0.314251
0.886922
0.0504664
0.0294293
0.167127
-0.23779
0.391773
-0.314322
-0.255273
-0.0905016
0.150096
-0.00348395
-0.0718431
0.295092
0.0881961
-0.812411
-0.442202
-0.374576
0.455865
0.0875457
0.398615
0.0539359
0.208378
0.103801
0.796307
0.00899066
-0.152344
-0.40551
0.394829
-0.353183
0.131148
-0.251148
-0.563384
-0.183695
0.47013
0.525017
0.576091
0.24079
-0.113178
0.0725926
0.0569795
0.217604
0.259119
0.272258
0.365959
0.929857
0.900871
0.1343
-0.173414
0.129246
-0.455427
-0.144858
-0.546085
1.11826
0.0577101
-0.0786372
-0.327898
0.0572391
-0.2086
-0.0279943
-0.219695
-0.156779
0.607637
0.496412
-0.414941
-0.570857
0.207378
-1.11684
0.693167
0.631335
0.595993
0.423728
0.527421
-0.0573833
0.652397
-0.207244
-0.226412
-0.409709
-0.337193
-0.064563
0.0224536
-0.109229
-0.0128735
1.4673
-0.0306901
0.867614
0.478391
0.256403
0.0732162
-0.13873
-0.349249
0.121994
0.263208
0.795558
0.712386
0.0762779
-0.332611
-0.301776
-0.21337
-0.0581079
-0.123712
-0.0159959
0.128363
0.139999
-0.246531
0.468501
-0.452155
-0.154902
0.305776
-0.171084
0.741455
-0.145808
0.318601
-0.309927
-0.268679
-0.221197
0.0269648
-0.160395
-0.188669
0.285577
-0.76013
-0.0328923
-0.0404287
-0.276408
0.332978
0.0414494
-0.120737
1.28246
1.41312
-0.268267
-0.139846
0.483954
0.764791
0.378614
1.21891
0.0761285
0.253711
0.0982865
-0.0570127
0.136942
-0.0923325
-0.0146842
-0.119148
-0.232405
0.512644
-0.573921
0.262537
0.247634
-0.516925
0.686904
-0.167109
-0.382018
-0.364603
-0.417023
0.156796
0.0192262
-0.344169
-0.265601
-0.29943
-0.561974
-0.546652
1.45935
-0.132819
1.38721
-0.499853
0.263557
0.201306
-0.195498
-0.230727
-0.249325
-0.39001
-0.100147
-0.0802426
-0.0259828
-0.397233
0.137497
-0.0988531
-0.127249
-0.110167
-0.88154
0.0835369
0.13517
-0.322949
0.089234
0.206161
-0.125462
-0.0988531
-0.586127
0.837357
-0.192644
-0.218924
0.360906
0.70998
0.441316
-0.0289637
-0.0897256
0.359277
-1.0123
0.0422891
0.00388473
0.485643
-0.0865938
-0.10637
0.258079
0.0909012
-0.0441258
-0.0723739
0.390994
-0.581526
-0.542699
-0.42403
-0.463912
-0.757436
0.606509
0.715855
-0.143791
0.000199742
-0.0221143
0.0816094
0.181781
-0.0562044
-0.150397
-0.303172
-0.180516
0.236177
-0.265042
-0.100224
0.455183
0.464847
-0.390941
-0.586656
-0.233601
-0.21792
-0.262037
-0.677439
-0.207862
0.061255
-0.264285
-0.174646
0.0130323
-0.546345
-0.0543331
-0.327717
0.0254648
0.19084
-0.277871
0.00415449
-0.192445
-0.507641
-0.573708
0.328731
0.207187
-0.371385
-0.108812
-0.276584
-0.239496
-0.179057
-0.0503887
0.767784
0.0308238
0.186335
-0.84561
-0.30269
0.0863275
0.339274
0.821481
0.425308
0.138064
-0.643613
-0.24485
0.371471
0.224864
-0.0773213
-0.135797
-0.0340384
0.14072
-0.0265198
0.130206
0.11202
0.235775
-0.271019
0.20388
0.0228186
0.00941744
0.0649557
0.0685263
0.0398462
0.0233045
0.304977
-0.103714
-0.0605349
-0.35719
-0.292333
-0.216896
-0.0592928
-0.474883
-0.0683264
-0.0532106
-0.196295
-0.223002
-0.00467557
-0.142115
-0.0446797
-0.106417
0.0163464
0.136643
0.192282
-0.122211
0.174336
0.240155
-0.391088
-0.0198948
0.00754405
-0.0337976
0.22793
0.725076
1.01072
0.168834
-0.34876
-0.812298
-0.142237
0.434491
0.616633
0.107673
-0.142854
0.13182
0.697383
-0.268739
-0.100395
0.176838
0.275037
0.608491
-0.476362
0.249673
-0.0548059
0.106582
0.374122
0.25405
0.325141
0.559388
-0.795338
0.234723
0.889406
0.793986
-0.166469
0.0158338
-0.345013
-0.180293
0.187438
-0.34568
-0.0442977
-0.0879488
0.153657
-0.237641
-0.542873
-0.0962327
0.0204899
-0.245253
0.244758
0.0295144
-0.0255988
-0.344575
0.391669
0.549739
0.673512
0.148178
-0.469685
-0.0204171
-0.0441385
0.454532
0.414332
0.145273
-0.631025
0.170202
0.343531
0.00305845
0.345337
0.257773
-0.240495
-0.282351
-0.00920439
0.285681
-0.0694261
0.133521
-0.0277044
-0.0655245
-0.205731
-0.625541
-0.120102
-0.120441
-0.305659
1.17856
-0.0671287
-0.0844923
-0.129856
-0.445583
0.340025
-0.254949
0.125673
-0.457137
-0.0783767
0.199909
-0.521488
0.0625947
1.43207
0.244635
0.215817
-0.062105
-0.067055
-0.193994
-0.414703
-0.286756
0.059912
-0.312001
-0.334273
0.263836
-0.222519
-0.379325
-0.00365391
1.29331
0.267475
0.0281233
-0.236651
-0.469329
0.13861
-0.00286285
-0.309148
0.14373
-0.160423
-0.52167
0.0609453
-0.183686
0.120126
-0.424492
0.189508
0.032684
-0.179028
-0.412608
-0.0658621
-0.229708
-0.624858
-0.258105
-0.165059
-0.0279112
-0.177851
-0.047008
-0.14103
0.0645787
0.6182
-0.229037
-0.206319
-0.356449
-0.277664
0.190629
0.247018
0.628182
-0.133115
-0.826292
-0.09691
0.0672049
-0.236561
-0.212005
0.22626
-0.0398766
-0.0850572
0.278657
-0.0906107
-0.222268
0.377053
0.464487
0.186566
0.243081
-0.228843
0.572058
-0.114091
0.106246
0.249158
-0.045356
0.10621
-0.327077
-0.403522
-0.173201
-0.560068
0.0084013
-0.110714
-0.051168
-0.580799
-0.672655
0.182051
0.281266
-0.0830403
0.121947
-0.0560164
-0.126402
0.364256
-0.0326724
-0.0461896
-0.134353
-0.738583
-0.206012
0.0313154
0.0991112
-0.0911029
-0.169974
-0.196146
-0.197512
-0.0421697
-0.0598131
0.55731
0.484724
0.30286
-0.049158
0.0363589
0.253886
0.0365285
-0.377939
0.908937
0.13574
0.620965
-0.0554541
0.165457
0.269631
-0.635935
0.159114
1.29229
0.424536
0.253016
-0.483526
-0.0174128
-0.170262
0.177129
-0.0905942
-0.0817513
0.638905
-0.0191872
0.143558
0.769779
0.700732
-0.0967429
-0.155025
-0.279924
0.0990911
0.0743209
0.114277
0.0860742
-0.306981
-0.0201074
-0.162527
-0.00998061
-0.0219387
-0.318322
-0.0566878
0.198803
-0.324273
-0.0406764
-0.191872
-0.228925
0.0234259
-0.149471
0.576454
-0.078136
0.0470094
-0.141562
-0.0368438
0.0365275
-0.271678
-0.147561
-0.459969
-0.324395
0.76019
0.146031
0.238512
-0.155233
1.04435
-0.0901766
-0.0417118
0.101836
-0.283603
0.303111
-0.341977
0.0988415
0.156878
1.09771
-0.533167
0.167822
-0.270486
-0.0491442
0.30891
-0.600692
0.456058
-0.0395085
-0.160039
-0.16406
-0.0234228
-0.0483308
-0.156624
-0.344655
0.0756161
0.42868
-0.448164
-0.691882
-0.276838
-0.0838434
-0.226594
0.195045
-0.239649
-0.0281006
0.208246
-0.326112
0.0986566
-0.235257
-0.418494
0.208662
0.863517
0.394917
0.24435
0.0419413
-0.0950761
-0.212477
-0.480776
-0.34925
0.215793
0.0324751
-0.59916
0.451634
-0.046181
-0.247364
-0.349119
0.390774
-0.615047
-0.43007
0.358178
0.615125
-0.162806
-0.348877
-0.0976663
-0.229337
0.269518
-0.41329
-0.0317144
-0.211748
0.0493028
-0.151621
-0.0941207
-0.237851
-0.149033
-0.258551
0.243486
-0.532842
0.809125
0.205993
-0.200399
-0.0287808
0.175178
-0.453655
-0.0483775
-0.0259357
0.265009
-0.140075
-0.0737736
-0.292155
0.2583
-0.244184
-0.187942
-0.0623144
-0.442987
-0.199459
0.0202347
-0.111676
-0.743827
0.111032
0.162365
0.0732162
0.319922
-0.544505
-0.362669
-0.153564
-0.379204
-0.208815
-1.05316
0.43717
-0.365567
-0.332989
-0.450494
-0.121218
-0.0154576
-0.0628679
0.68374
0.102578
-0.392129
-0.599677
0.136256
-0.386003
-0.378127
-0.0975602
0.0142893
-0.230018
-0.0404512
0.30619
0.344601
-0.279032
-0.487651
0.0340406
-0.16448
-0.296936
-0.166093
-0.182489
-0.0617111
-0.45136
-0.0932578
0.326556
0.411808
0.807142
0.712504
-0.732093
-0.143126
0.441667
0.941607
1.21953
-0.121111
-0.0789506
-0.330437
0.284819
-0.288309
-0.0258818
0.643681
-0.298392
-0.133362
0.0646985
0.128494
0.00747846
0.067611
1.15474
0.839605
-0.16888
-0.324878
-0.261485
-0.159439
0.313522
0.097571
0.18763
-0.283361
0.161231
0.216118
-0.498748
-0.146651
-0.0760131
-0.0722958
-0.359561
-0.0722055
-0.247751
-0.00636883
-0.019377
0.0330416
-0.0592799
-0.0921576
-0.076291
-0.0463618
-0.0341329
-0.532011
-0.590563
-0.568998
-0.177084
0.0200673
-0.108071
-0.130038
-0.42256
0.0526446
-0.7172
0.136309
0.111713
-0.0498851
-0.433987
-0.728396
-0.16643
-0.0892087
-0.077055
-0.519076
-0.455016
0.72276
-0.344739
0.374459
0.478648
-0.0569534
-0.158307
-0.0240003
0.204984
0.0421061
0.335429
0.203365
-0.162031
0.175207
-0.462013
-0.164536
0.720899
-0.357594
-0.133977
-0.68929
-0.147854
-0.386316
-0.217433
0.335194
0.388322
-0.0864129
-0.0295227
0.0276788
-0.156971
-0.125844
-0.182259
-0.350938
-0.421871
-0.0395413
-0.432147
-0.34409
-0.24508
0.734132
-0.248218
-0.131421
-0.561002
-0.107223
0.463825
0.0709018
-0.0455823
0.0106142
-0.0341727
0.649533
0.0218463
1.16445
0.546115
0.0256271
-0.279722
-0.350563
-0.194927
-0.473801
-0.205067
-0.220925
0.186868
-0.364944
-0.15177
-0.00974525
-0.470089
-0.162553
0.0161098
-0.177021
0.114382
0.164767
0.548619
-0.160278
-0.0398106
0.651989
0.076991
-0.0718631
0.36136
0.676511
1.04609
-0.00976227
-0.566818
-0.294551
0.0252334
-0.933053
-0.186406
-0.533942
-0.391027
0.214337
0.0554422
0.250312
-0.303004
-0.397798
0.380255
0.588633
0.812072
0.0963306
-0.256039
-0.539858
-0.630817
-0.317258
-0.215036
-0.859286
-0.141066
-0.0995859
0.470521
-0.224777
0.111404
-0.185267
-0.156528
0.00385307
0.660662
0.765025
0.0750665
-0.162321
-0.00958879
-0.41739
-0.156327
-0.0845596
0.363563
1.33991
0.033052
-0.239344
-0.319079
-0.0480259
0.295783
0.410278
0.421365
1.32132
1.15806
0.285432
-0.205921
-0.487203
-0.531459
0.243157
0.333949
0.0157496
-0.432274
-0.133686
-0.120736
0.481502
0.269687
0.392292
0.734314
-0.588671
-0.465305
0.0182961
0.603807
-0.232993
1.35751
0.385996
0.0438805
0.10481
-0.0850511
0.26985
0.0144022
-0.0641523
0.0638645
0.344094
-0.0649408
-0.333615
-0.270436
0.248728
-0.112776
0.000750045
0.0731659
0.0501256
-0.101143
0.127001
-0.103896
-0.115406
-0.532317
-0.546909
0.0363485
0.137584
-0.0600065
-0.31706
-0.12699
0.0633693
-0.333508
0.0114825
-0.0665602
0.177651
0.486749
-0.0503523
-0.0399351
0.192976
0.274979
0.654315
0.0331693
0.0503334
0.218745
0.340627
0.509015
0.573021
-0.0345628
0.212787
0.136316
-0.702078
-0.517687
0.150638
0.331317
0.0370023
0.145029
-0.349245
-0.161513
-0.158262
0.391632
0.0582144
0.08167
-0.347045
-0.441716
-0.000734436
-0.259382
0.140863
0.164744
-0.137578
-0.154586
-0.362452
-0.411593
-0.384506
-0.29025
-0.106005
-0.184452
-0.0125515
-0.637441
-0.621926
-0.325164
0.0193646
0.202741
-0.197188
0.234409
-0.206282
0.0809539
0.219804
-0.533671
0.522612
-0.374901
-0.201682
0.140328
-0.0562865
0.0828203
1.40608
0.921799
0.221586
0.313461
-0.00581138
0.0171355
-0.151548
-0.100403
0.147268
0.0390772
-0.0186668
0.0135728
-0.0242978
-0.0986318
-0.443958
-0.438741
-0.126025
-0.00669148
0.141373
0.271132
0.0498498
-0.0347319
0.530799
-0.272524
-0.14518
-0.217837
-0.429316
-0.297477
0.633676
0.0923249
0.146678
-0.379203
0.0277599
-0.286692
-0.174528
0.771587
-0.0446068
-0.111571
-0.164928
-0.190089
0.130362
-0.242894
-0.472747
-0.22715
0.170002
0.259042
0.349802
0.6298
-0.10182
0.0215445
-0.322544
-0.293755
-0.231757
-0.131102
-0.718505
1.0521
-0.375505
-0.112698
-0.261025
-0.580397
0.223138
-0.00640493
-0.363751
-0.322609
-0.453781
-0.49884
-0.214665
-0.0472807
-0.38298
0.0279203
-0.0484053
-0.240666
0.14268
-0.0459907
-0.454241
-0.386563
0.195981
-0.00839897
0.0838476
0.348157
-0.237527
-0.357888
-0.175405
-0.232282
0.0768635
0.0227849
-0.179555
-0.407027
-0.274959
-0.215093
-0.0273662
-0.178004
-0.273048
0.151836
0.271133
-0.244692
-0.308522
0.218088
0.352183
0.0295553
-0.229027
0.146557
-0.013686
0.157723
0.0648642
0.00187599
-0.232852
-0.328189
-0.53635
0.229262
0.446385
-0.00718502
-0.0325365
1.48231
-0.775512
0.285946
-0.232377
-0.680114
0.0771406
-0.0403938
-0.114545
-0.0880474
-0.322142
0.152882
-0.396911
-0.0523609
0.0515959
-0.130953
-0.234927
-0.200346
0.20671
-0.15541
0.0340471
-0.315173
-0.0693372
-0.142338
-0.621998
0.254439
0.296306
-0.380596
-0.390997
-0.501202
-0.629508
-0.287495
-0.0376258
0.00587809
1.05942
0.377049
0.261272
0.132744
0.685169
0.0934049
-0.522787
-0.0919519
0.53151
0.419222
0.623203
0.137746
0.227785
-0.131764
0.145432
0.241295
0.291293
0.463211
0.0653341
-0.30103
-0.16327
-0.0282754
-0.44263
-0.68266
-0.189797
-0.132013
0.30714
0.539695
0.0455428
-0.0455198
-0.0375752
-0.179737
-0.182691
0.220252
0.225897
0.0194171
-0.120692
0.136472
-0.0473295
0.281952
-0.0176656
0.553365
0.567942
0.0244043
0.200332
0.441548
-0.206988
-0.779723
-0.624039
-0.214756
0.132956
0.0935097
-0.344136
-0.139833
-0.475898
-0.804721
0.361342
-0.130143
-0.205219
-0.135584
-0.564973
-0.225657
-0.177721
-0.185712
-0.703133
0.0482098
-0.0493538
-0.0280472
-0.626311
-0.220341
-0.327556
-0.386742
0.0160663
-0.637031
-0.596291
-0.479745
0.502124
-0.449892
0.354399
-0.28564
-0.629889
-0.00692187
-0.135859
0.111451
0.798766
1.5604
0.105899
0.249447
0.386584
-0.0944447
-0.139694
-0.210115
-0.262095
-0.0406179
-0.337154
-0.0588913
-0.284579
-0.210761
-0.494736
0.424834
-0.223564
-0.215878
0.0938938
-0.752828
-0.281062
-0.284874
-0.385814
0.362493
-0.188201
0.435475
0.119108
-0.943176
-0.0797717
-0.260706
0.234073
-0.178764
-0.0622654
-0.147758
-0.0647139
0
-0.295603
-0.0847185
0.015836
-0.148123
-0.301563
-0.155046
-0.252495
-0.256716
-0.0825052
0.614947
0.114767
-0.0345612
0.131083
-0.112831
0.0468744
-0.0653605
0.194371
-0.673851
0.576138
0.0241905
-0.0938641
-0.211416
-0.156966
-0.136444
0.632792
0.515097
-0.227986
-0.532337
0.0542349
-0.197529
0.235236
0.608494
1.17459
0.446344
-0.415183
-0.663682
-0.199125
0.0553936
0.0713654
0.272502
-0.333806
-0.29823
-0.300527
0.0131649
0.125171
-0.153671
0.227988
-0.0377235
1.18147
0.424362
0.0889696
-0.443057
-0.0543218
0.00271861
-0.20377
-0.0908018
-0.336477
-0.0322413
0.0950848
0.196051
-0.216996
-0.0268355
0.273703
-0.638173
-0.659046
-0.0991714
-0.0422624
0.116598
0.0182916
0.0529286
0.0191192
1.14193
0.311347
-0.00188163
-0.319238
-0.0903251
-0.320503
-0.0873669
-0.171695
-0.142152
-0.209687
0.368009
-0.141316
0.116481
-0.895212
0.0589882
-0.151771
-0.497631
-0.330266
0.527196
-0.397893
-0.23513
0.58803
0.705386
0.528867
-0.027083
-0.265361
-0.221125
-0.0195624
-0.287487
-0.192684
-0.0733809
-0.50779
-0.125608
-0.057331
0.134411
-0.152342
-0.579668
0.290713
0.283278
-0.0681158
-0.394489
-0.220831
0.218
-0.257385
0.240311
1.55182
0.419584
-0.0181117
0.347942
0.139253
-0.335389
-0.172681
-0.0375994
0.459175
0.555603
-0.174718
0.183291
0.487262
1.16255
0.165515
0.0719124
-0.124621
0.240841
0.420268
0.00286506
0.470571
0.29795
-0.317634
-0.0616246
-0.108979
-0.0821868
-0.554355
0.351081
-0.064804
-0.117657
-0.169302
0.0286137
0.0915446
-0.296507
-0.0663288
0.842288
-0.520784
-0.164134
-0.148706
0.254192
0.303195
-0.311687
-0.245428
-0.496249
0.415138
-0.114107
0.260744
0.423902
0.26818
0.0497787
-0.200933
-0.503348
-0.35513
-0.00783817
-0.058743
-0.0909551
-0.0283517
-0.0823321
0.658746
0.283016
0.925296
-0.622715
0.173252
0.64627
-0.314253
-0.424514
-0.0444975
-0.178421
-0.0639797
0.430859
0.0380496
0.52803
0.15554
1.3022
-0.00675802
-0.000617353
-0.0677867
-0.125673
0.341695
0.107809
-0.614832
-0.438381
-0.263684
-0.171988
-0.0421749
0.199906
0.0650209
-0.0252117
-0.299369
-0.66881
-0.595804
-0.67489
-0.674282
-0.293334
-0.064272
0.499434
0.12117
1.00713
-0.00262616
-0.161068
-0.0216264
-0.00774498
-0.336017
-0.299115
-0.123354
-0.0019607
-0.193354
-0.397577
0.332086
0.401883
0.213814
-0.538683
-0.0870356
0.0560403
-0.204782
-0.0599669
0.431984
-0.517767
-0.0366654
-0.00145542
0.548667
-0.162423
-0.285242
-0.38113
0.138404
1.31199
0.164906
0.0524882
-0.0661822
-0.174231
-0.43882
-0.18648
1.08064
0.437327
0.637734
0.174635
0.165128
-0.299867
1.59798
-0.180159
0.0946803
-0.0578739
0.124639
-0.227244
0.596886
0.395428
0.0614803
-0.010577
-0.00509938
-0.188436
0.13884
-0.0808877
0.024171
-0.0210924
0
-0.634561
0.00902362
-0.306783
-0.478038
-0.457252
-0.479699
0.641927
0.555606
-0.0885694
-0.320073
-0.461285
0.0515285
0.262747
0.169547
0.442113
-0.117488
-0.311303
-0.212784
0.238022
-0.181732
-0.0725304
-0.660336
-0.383635
-0.105395
0.193469
0.651521
1.00313
-1.0764
-0.62913
0.492479
-0.28807
-0.306051
0.52309
-0.134506
-0.462808
0.00832538
-0.146849
-0.597679
-0.734536
0.0522543
-0.724454
1.30739
0.383401
0.0290057
0.0504833
0.164419
-0.0549009
-0.164854
0.388038
0.128827
0.0168299
0.409682
-0.226685
-0.24979
0.253521
-0.00476591
-0.138504
-0.224051
0.210772
-0.255206
-0.252658
-0.0526579
0.0412218
0.0492401
-0.161359
-0.0912575
0.600975
0.806117
-0.0648683
-0.308305
-0.519507
-0.312233
-0.99362
0.0460854
0.00320967
-0.448899
-0.319346
0.264701
0.759528
1.22295
0.274313
-0.034796
0.270373
0.759405
-0.283596
0.0606655
-0.531098
-0.1792
0.0562981
-0.515731
0.135245
-0.435375
0.657993
0.963151
0.873696
0.0464262
0.376229
-0.505606
-0.175555
-0.140122
0.236588
0.0992495
-0.107612
0.222903
-0.0531151
0.363876
-0.0288298
-0.0459961
0.0109499
-0.180177
-0.708978
-0.412655
-0.106909
-1.10598
-0.272876
-0.0095006
-0.368852
-0.83445
0.0875135
-0.162205
-0.128411
-0.0752301
0.266533
-0.195272
0.129829
0.0819553
-0.147258
0.254131
-0.0979103
0.0625118
-0.0332107
-0.216675
-0.118387
-0.204918
-0.525788
-0.150985
-0.0666909
-0.015062
0.139146
0.041987
0.0765935
-0.0285403
-0.0851227
1.22143
-0.0695145
-0.176673
0.45601
-0.111731
0.344043
1.31034
0.0456728
-0.210423
-0.031423
-0.0635237
0.381012
1.31222
1.01025
0.805389
-0.319316
-0.421389
-0.000812803
-0.069898
0.00554377
-0.0548056
0.0461154
-0.0697529
-0.169061
-0.0790794
-0.2079
-0.160938
0.0901741
-0.0989819
0.050491
-0.0388978
0.010704
0.339352
-0.140844
0.140571
-0.0385527
-0.689222
-0.0642862
0.470798
0.203706
-0.968967
-0.110846
-0.209057
-0.114569
-0.00201716
-0.263362
-0.252919
-0.143134
0.393128
-0.10646
0.013513
0.226089
-0.00405755
0.0293988
-0.291656
-0.360839
-0.00810346
-0.445492
-0.689744
-0.369328
-0.662245
0.0238939
-0.107362
-0.0809297
-0.116346
-0.0438032
-0.371495
-0.118733
-0.357406
-0.754718
-0.425909
-0.311533
-0.409719
-0.44306
-0.072989
-0.209275
-0.520782
-0.0572736
-0.0588235
-0.12272
0.226614
0.129729
-0.102952
-0.688498
-0.198502
-0.479188
-0.134502
-0.167717
-0.123994
0.229883
0.683475
0.218761
0.690345
0.614804
-0.257302
0.191856
-0.372329
-0.0229922
0.481885
0.589468
1.57824
0.588663
0.269791
0.861321
-0.0731715
-0.155872
0.323743
0.463818
0.115984
1.31489
-0.745098
0.0201913
0.0251871
-0.325737
-0.12009
-0.387239
-0.378473
-0.00741207
-0.220746
-0.0022424
-0.190815
-0.523245
-0.507027
0.0151528
-0.0209247
-0.23997
0.256036
0.0315837
-0.108247
-0.112063
0.0472693
0.395358
0.323455
0.367021
-0.247439
-0.0416426
-0.153977
0.196122
0.317369
0.229261
-0.0726749
0.264982
-0.126001
0.533603
-0.0970023
-0.132932
0.0311083
-0.253531
-0.106376
0.214441
0.0581562
-0.211633
-0.316683
0.0815857
0.186999
-0.33716
0.130878
0.924309
0.0705323
-0.117918
-0.0945589
-0.112483
0.153441
0.542863
-0.180107
-0.132316
0.0822994
0.104955
0.110154
-0.0326389
-0.0609928
0.583373
-0.280678
0.359274
-0.247956
0.0907327
-0.185158
-0.67524
0.325096
0.468159
0.220928
-0.103755
-0.0688615
0.494252
0.508105
0.0621222
0.407228
0.872483
0.711935
-0.336814
-0.263599
-0.191706
-0.227659
0.152422
-0.0683905
0.0472084
-0.124144
-0.00972013
-0.137151
-0.524421
-0.46205
0.0548903
0.0480724
-0.357771
-0.276463
-0.253654
0.281062
-0.0814474
-0.170102
-0.182888
0.0241303
0.321226
-0.0548961
-0.0297753
-0.27555
-0.108923
-0.0682251
-0.0288308
-0.223601
0.168091
0.401383
0.0777806
-0.256227
0.0500728
-0.270499
-0.468324
-0.601568
-0.0765084
-0.0582902
-0.284592
0.0484861
0.0505563
0.47135
0.125354
0.584755
0.0027059
-0.0647624
-0.165805
-0.420904
-0.27552
-0.192656
-0.182194
-0.269951
-0.203248
-0.717085
-0.228621
0.699323
0.332687
0.103534
-0.460482
-0.0227064
0.181034
0.0221526
0.278703
-0.296887
-0.327845
-0.646601
-0.72166
-0.0380695
-0.17636
-0.0420305
0.123975
-0.0292459
0.261962
0.40311
-0.410813
0.150017
-0.248968
0.515327
1.30274
-0.268816
-0.352255
-0.245152
-0.146785
-0.130377
-0.350214
-0.0307444
-0.147752
-0.0310213
0.312812
0.0148962
-0.00109366
0.0691963
-0.0476789
0.0801629
-0.411742
-0.174119
0.0241984
-0.0141839
0.903253
-0.244692
0.350101
-0.618262
0.309084
0.0422442
-0.374601
-0.0654183
0.193596
-0.537707
0.119338
0.0920327
-0.0933502
-0.314223
-0.130161
-0.0661419
-0.540206
-0.375785
-0.25637
0.134519
-0.311636
0.0802171
-0.168816
0.235327
0.0831794
-0.27808
0.370686
0.617093
-0.16782
0.0295305
0.0471277
0.150624
0.200493
0.0360417
0.32756
0.207581
-0.0269003
-0.16917
-0.0569693
-0.026595
0.197852
-0.010992
-0.120104
-0.0046813
-0.0754851
-0.0407158
-0.0290682
-1.22151
0.0476573
0.00294909
1.21128
1.33948
0.69231
-0.189089
-0.370061
-0.0353498
-0.35069
-0.161419
-0.175023
-0.424329
0.21558
0.0298653
-0.425899
-0.304483
-0.0955549
-0.169019
-0.0970156
0.208595
-0.183911
-0.136677
0.166079
-0.102575
-0.141544
-0.234163
-0.00509171
-0.652641
0.218381
0.38043
-0.152842
0.660538
0.142451
0.301311
-0.104076
0.111672
0.601834
-0.36713
0.207692
-0.134253
-0.204422
-0.309721
-0.0833464
-0.228365
0.0577329
1.03863
-0.106488
0.55133
-0.310523
-0.376787
-0.119854
-0.0260565
0.197086
-0.137034
-0.0372821
-0.103964
-0.23203
-0.462303
-0.125242
0.0365898
-0.0679305
-0.62684
-0.176554
-0.18245
-0.101419
0.922646
0.824241
-0.180257
-0.186614
-0.435755
-0.558465
0.0758677
-0.0941871
-0.415071
0.334878
0.109346
0.0957453
-0.215099
0.027023
-0.457661
0.0424493
0.0734568
-0.123056
-0.231929
0.379538
-0.166103
0.18592
-0.0691592
-0.00937362
-0.0694112
0.135754
-0.111373
0.025143
-0.0955717
-0.340629
-0.165214
-0.066694
-0.0589938
-0.059726
0.411098
-0.0510962
0.237067
0.19551
0.26986
-0.0663552
-0.182191
-0.325603
-0.0530715
-0.319656
-0.166893
0.227833
-0.169498
-0.441603
-0.100885
-0.0664338
-0.0681886
-0.200624
0.346759
0.232222
0.307012
-0.0909035
0.0289047
0.0860492
-0.133395
-0.164975
-0.139142
-0.0765571
0.0281435
-0.00205338
0.0548457
