0.434892
0.201872
0.0373817
-0.0204501
-0.153815
-0.227702
0.115079
0.905264
-0.0853926
0.186432
0.729699
0.448365
-0.0972439
-0.0511663
-0.042133
0.0443346
-0.385621
-0.264216
-0.381285
0.125913
0.119855
0.0140585
-0.227013
0.00681468
-0.249583
-0.122717
-0.0383988
-0.181992
-0.23622
-0.105413
-0.227636
-0.0815272
-0.0963005
0.00159702
0.0889411
0.104953
0.0941248
-0.555673
-0.0405144
-0.00941597
-0.115341
-0.129585
-0.0576803
0.131562
0.0282218
-0.163003
0.0511525
-0.00135507
-0.303047
-0.339546
-0.536845
0.0597547
-0.508417
-0.111351
-0.511575
-0.187603
0.0621804
0.012659
0.0280653
-0.014355
-0.0463157
0.160958
-0.105113
0.103475
-0.0540865
-0.261199
0.573741
0.176792
-0.170455
-0.0253881
-0.229316
-0.0244425
0.176617
0.00221469
0.067729
-0.41464
-0.0329455
-0.2444
0.0139445
-0.0272213
-0.405441
-0.414802
-0.214908
-0.0737457
-0.0670955
-0.115715
-0.0188602
0.0467548
-0.0874341
-0.0639343
-0.0412501
-0.0104385
-0.13438
-0.149669
-0.179
-0.098949
-0.00406515
-0.112553
-0.0347945
-0.0120154
-0.0566154
-0.112466
0.0254221
0.335246
-0.146664
-0.18099
0.0955997
0.217423
0.122798
-0.024643
-0.0682276
-0.0218539
-0.0972273
0.0530732
-0.208178
-0.00987075
0.314966
0.215974
0.109823
0.0528087
0.294987
0.0549681
0.451092
0.115744
-0.178558
0.0283851
-0.0949315
0.12991
0.176837
0.056301
0.179317
-0.198847
0.120278
0.0283702
-0.285844
-0.0991756
-0.0608855
0.231439
0.10367
0.113866
0.0770729
0.180765
0.308454
-0.0274873
-0.0534443
-0.132987
-0.393988
0.156626
0.198168
-0.319128
0.479661
0.00585899
0.265012
0.0663962
0.0125664
0.274871
0.332373
0.0108724
-0.329105
0.0560038
0.127568
-0.527619
-0.347834
0.0387098
-0.0319798
-0.0598024
0.0211893
0.00579069
-0.224568
-0.0589925
0.177798
0.412648
-0.0105095
-0.0741292
-0.179964
-0.273577
0.0363639
-0.00446088
-0.14095
-0.5772
-0.169142
-0.149701
-0.453428
-0.154985
-0.117386
0.332864
-0.0616734
0.104428
-0.0931226
0.234299
0.145309
-0.0574795
-0.105371
0.00651357
-0.0312577
-0.0485179
-0.115984
-0.154804
-0.221849
-0.226561
-0.161909
0.0530532
-0.321928
-0.026862
-0.0813049
0.354658
-0.0929205
-0.026755
-0.067438
-0.143902
-0.0745271
0.0975064
-0.13316
-0.0327588
-0.0562601
-0.0580306
-0.0253506
-0.096455
-0.125786
0.127152
-0.131382
0.188201
-0.0432687
0.355297
-0.212509
-0.0733777
-0.221118
-0.597338
-0.177117
-0.159132
-0.0841732
0.168316
0.142034
0.0909739
0.127607
-0.0347331
-0.0459785
-0.00521367
0.0314429
0.0823093
-0.251835
-0.057761
-0.0582918
-0.0482698
-0.00229179
-0.0849115
-0.15386
0.0348659
-0.208621
-0.584755
-0.110013
-0.0178268
-0.192302
-0.519765
-0.380763
-0.489882
-0.387691
0.0423233
-0.352634
0.200143
-0.222016
0.0356491
-0.0621111
-0.0679072
-0.208485
0.0659822
-0.0369421
0.255422
-0.0808877
0.0336986
-0.18234
-0.131445
-0.252955
0.172717
-0.0983316
0.277804
-0.154507
0.0212531
-0.245407
0.0460815
-0.0975764
0.308095
-0.0807588
-0.308291
0.00180082
-0.141703
0.281681
0.131335
-0.00463499
-0.00517642
-0.258741
-0.286832
-0.198209
-0.656218
-0.144116
-0.0627757
-1.065
0.134479
-0.065792
0.00965852
-0.0366289
0.0123504
-0.113135
-0.390488
-0.0251603
-0.0101991
-0.190446
0.0765461
-0.334829
-0.194923
0.208459
-0.202515
0.275607
0.776877
-0.0180356
0.17387
-0.0648358
-0.0781014
-0.0287718
0.249706
-0.133257
-0.0919921
0.0120406
-0.0153341
0.156478
-0.00162354
0.0386415
-0.353313
-0.119246
0.0791812
0.0593441
-0.0791813
0.082055
0.0329808
-0.0125243
0.0638243
-0.0720026
0.230007
-0.0909197
-0.0243417
-0.0960318
0.244218
-0.144244
-0.270647
-0.180523
0.285344
-0.11279
-0.300611
-0.0548056
0.0538251
-0.0313733
0.0536849
-0.143091
-0.0242928
0.0734451
0.0331464
-0.185664
-0.0722876
-0.367977
0.175886
-0.000172668
-0.0109425
-0.140352
-0.11789
-0.0324251
0.00785869
-0.169142
-0.0957548
-0.058778
-0.250578
-0.0665921
-0.22766
-0.131569
0.104131
0.104997
0.101389
-0.318495
0.144945
0.0273704
-0.101248
-0.418691
-0.0122345
0.068076
-0.00961034
0.20018
0.0164681
-0.166831
-0.182418
-0.129387
-0.114122
-0.17089
-0.110326
-0.192936
-0.0335411
-0.189056
0.0358466
-0.249574
0.0658009
-0.074587
-0.29456
0.0948073
0.00176901
0.0369623
-0.154709
-0.315899
-0.234083
-0.000874116
-0.0833372
-0.602772
-0.32726
-0.0453025
0.53631
-0.100196
0.456309
0.189027
0.18154
-0.10199
-0.1861
-0.123479
-0.0281356
-0.0306133
0.00734038
0.033153
-0.410729
0.0864398
-0.0500959
-0.0606335
0.0554398
-0.042343
0.361872
-0.309212
0.0777669
-0.014294
0.0126415
-0.168404
0.207424
-0.17107
0.103541
-0.135663
0.00139317
-0.0457575
-0.0802576
-0.178497
-0.0446496
0.105343
0.296366
0.0177547
0.0230968
0.0586118
-0.153328
-0.0599375
0.0436438
-0.139448
-0.0234588
-0.107634
-0.162303
-0.0532919
0.173498
0.347762
0.209412
0.226464
-0.0438726
0.22851
-0.000926333
-0.308683
-0.3463
-0.304022
-0.190681
0.191132
0.0529983
0.112353
-0.0979072
0.0374757
-0.022664
-0.451896
-0.1887
0.040769
-0.0165391
-0.137626
0.420583
0.0702876
-0.0687571
-0.128591
0.385598
0.239387
0.0333836
0.00786936
0.0375077
-0.00720024
-0.21617
-0.0447717
0.0699157
0.0887752
-0.264818
-0.269101
-0.0446065
0.0934657
0.00278693
-0.194054
0.12641
-0.259637
0.0603274
0.0236947
0.0807605
0.285057
0.294506
-0.319473
0.117145
0.327682
0.0300156
-0.0769063
-0.00254437
-0.0201136
0.0266021
-0.484815
-0.020378
-0.0888002
-0.264307
-0.0367228
-0.00353087
0.00849209
0.326323
-0.19823
-0.206058
0.0551698
0.0383798
-0.249718
-0.110874
0.113767
0.216241
0.052342
-0.0296864
-0.0500627
-0.114514
0.0484545
-0.0853807
0.0228752
0.357986
0.237278
0.180627
-0.227948
0.0538577
-0.0269416
0.125237
0.0175497
-0.0904584
0.0705137
-0.0526624
-0.161173
-0.0862315
-0.0242861
0.052447
0.114552
-0.265923
-0.121809
-0.0114249
-0.0781964
-0.0187287
-0.0773755
0.033344
-0.150089
0.0564054
0.118529
-0.0279557
-0.184378
-0.0696359
0.0161591
0.000392306
-0.320211
-0.15986
-0.396472
0.0895717
-0.182193
0.0307804
-0.113863
-0.0917073
-0.0709312
-0.224666
-0.0738761
-0.167916
-0.0187177
-0.356207
-0.104871
0.287919
0.265492
0.39684
-0.139864
-0.246651
0.190294
0.20847
0.13964
0.164487
-0.580331
-0.0428347
-0.0357733
-0.00159741
-0.0922212
0.0381843
-0.0208947
-0.199726
-0.116654
-0.134319
-0.208593
-0.410644
-0.0837384
-0.106254
0.13101
-0.0631231
-0.103148
-0.0526347
-0.268474
0.0693176
0.244002
0.093064
-0.112173
0.183463
-0.173451
0.0659236
0.549302
0.0604479
-0.395767
-0.158391
-0.073999
0.621377
0.121406
-0.490682
-0.422644
0.264559
-0.136331
-0.151319
-0.174344
-0.000957645
0.0353732
0.0725978
0.105609
-0.429394
-0.170679
0.103911
-0.0509003
0.0125891
-0.0669468
-0.0787069
-0.116691
-0.0585558
-0.128965
-0.228976
-0.13722
-0.331457
-0.0695894
-0.216845
-0.0554525
-0.0478292
0.0538053
-0.0504281
0.0253437
0.0482654
-0.14915
-0.0582488
0.0891887
0.0175496
0.0575701
-0.018656
-0.175954
-0.115456
-0.303823
-0.0958869
-0.192593
-0.0538754
-0.10546
-0.156549
-0.150087
-0.350894
-0.173566
-0.36561
-0.121126
0.122618
0.220207
0.377952
0.405416
-0.0703424
-0.083323
0.257862
-0.183199
-0.0304147
0.0274193
0.0660361
-0.045455
-0.259948
-0.320447
-0.134546
-0.0834144
0.0938439
0.18425
-0.04728
0.0130392
-0.16082
-0.14446
-0.0597367
-0.00586034
-0.0331011
-0.0467434
0.137566
-0.273633
-0.158385
-0.180493
-0.0171424
-0.218992
0.0977865
-0.0105609
0.11423
-0.0073987
-0.0146534
-0.0170601
0.185391
-0.130334
-0.0679865
-0.0620421
-0.156745
-0.240893
0.0370028
0.16302
-0.150986
0.324511
0.0527657
0.087
-0.0184782
-0.0540498
-0.0278812
-0.0282698
0.0227248
0.169961
-0.0462831
-0.243038
0.0752276
-0.0879088
-0.103521
-0.141888
-0.064458
-0.0354276
-0.213806
-0.233458
-0.0237143
-0.105383
0.105827
-0.00594743
0.0805285
0.0151162
0.0971213
-0.208576
-0.0623471
0.0744752
0.304543
0.0824839
0.303078
0.136076
0.26567
0.187087
-0.287319
-0.27083
-0.174487
-0.0675187
0.0527318
-0.0363537
-0.0437619
-0.272363
-0.328355
-0.274452
-0.243474
-0.0595599
-0.161339
0.0538251
-0.0985272
-0.0214216
-0.0411114
-0.192409
-0.123155
-0.0287186
-0.0977865
-0.0975037
-0.0164174
-0.0441936
-0.566528
-0.289089
-0.413695
-0.0927705
0.104449
0.205871
0.0541154
-0.0863598
-0.0324554
0.153228
-0.0348828
-0.306705
-0.0210383
-0.292105
-0.212551
0.0413927
0.101165
0.355808
-0.21199
-0.178393
0.00279892
-0.0346415
0.0268721
-0.302701
-0.306132
-0.0598471
-0.287902
0.254595
0.0964529
0.0290662
0.0160032
-0.00537962
-0.00446582
-0.133806
0.00716468
-0.156922
0.0344745
0.0915593
-0.328039
-0.152887
-0.0142527
0.11653
-0.167881
0.194298
-0.309188
-0.493866
-0.510745
0.114419
0.330365
-0.0923653
0.0886457
-0.299363
0
0.0557489
0.0275942
-0.0607093
0.0843209
0.0669468
0.106307
0.0586276
0.1175
-0.0401591
-0.0463775
0.191581
0.334775
0.143003
0.390401
-0.080079
0.0476728
-0.1215
-0.101518
-0.0192517
0.0510808
-0.0226922
-0.166526
-0.105721
-0.132827
-0.135607
0.00578109
-0.101627
-0.0420394
-0.219776
-0.0984347
-0.0220974
-0.132391
-0.0052515
-0.0142531
0.166733
0.182981
0.194024
0.11384
0.127152
-0.159775
-0.431986
0.123372
0.0734506
-0.199808
0.0376547
0.132626
-0.337745
0.0970013
-0.165096
0.00755311
-0.195867
0.117674
-0.00275744
0.0971847
-0.256766
-0.0495302
-0.396954
0.219827
-0.45127
0.231522
-0.0055261
0.0758312
-0.469198
-0.427669
0.516998
-0.0339161
0.234754
-0.0923879
-0.0844605
-0.144072
-0.252535
-0.164001
-0.103493
0.0967264
0.106694
0.105246
-0.112125
-0.328738
-0.0573224
0.244968
0.503124
0.207965
-0.0959252
-0.132418
-0.0486801
-0.0865858
0.195173
-0.0123115
0.0858143
0.121112
0.257898
-0.0406223
-0.00502372
-0.0401851
-0.025012
0.0255723
0.0342608
-0.196295
0.0546014
-0.0575052
-0.0338447
-0.34406
0.0228487
0.503091
0.0113278
-0.237361
-0.0958183
0.224998
0.147603
0.323877
0.184183
-0.325106
-0.206947
-0.0900619
-0.165905
-0.216592
-0.377838
-0.0833909
-0.214946
-0.0523437
0.257321
-0.0284885
-0.0721284
-0.289766
-0.131978
-0.38646
-0.0534758
-0.165872
-0.0550476
0.198494
-0.221593
-0.30963
-0.521354
-0.0212939
0.0996232
-0.00786334
0.105225
0.0307231
0.044411
0.271619
0.057167
0.0972328
-0.0267178
-0.13825
-0.788942
-0.00992086
-0.0349776
0.252187
0.401202
0.535827
0.0341543
-0.370865
-0.0457575
-0.00608421
-0.113227
-0.0397094
-0.41961
-0.0361959
0.232018
0.0313768
-0.0182461
0.0557818
0.129423
0.106408
-0.38128
-0.118764
-0.127071
-0.230992
0.0636135
-0.539359
-0.52217
0.294103
0.213251
0.853242
0.23792
0.0185978
0.347234
-0.146542
-0.157608
-0.0502295
0.146505
-0.365463
-0.273812
-0.471873
-0.0606978
0.00419105
-0.0615583
-0.089338
-0.0520885
-0.108943
0.0914503
0.0458907
0.260257
0.140501
-0.172857
-0.183145
0.347755
0.326748
0.377882
0.0464101
-0.0246892
-0.32097
0.171376
0.0633689
-0.326668
0.0131433
-0.105776
-0.0817913
-0.412662
0.254999
0.437468
0.242185
0.0775543
-0.599663
-0.278876
-0.074246
-0.109981
0.282681
-0.301683
-0.0889622
-0.0885473
0.0563733
-0.477792
-0.0269277
-0.191783
-0.134899
0.0667413
-0.247934
0.386168
-0.10962
-0.285971
-0.436911
-0.203846
0.299864
-0.0340924
-0.363454
0.115144
0.154263
-0.185637
-0.127008
-0.0686432
-0.457765
-0.0759842
-0.0625167
0.223065
-0.326959
-0.165966
0.0471891
0.262983
-0.135677
0.301909
0.0881984
0.273068
-0.0195955
-0.236305
0.258076
0.0596014
0.157221
0.126425
-0.515011
-0.0483645
-0.204693
0.0642691
0.0153477
-0.0411962
-0.00376012
-0.00523251
-0.0241766
-0.0910978
0.195396
0.0792516
0.716973
-0.154489
-0.108621
-0.222178
0.257251
0.41303
0.0621479
-0.202941
0.210093
-0.0245937
-0.533828
-0.229739
-0.441975
-0.0973923
-0.0069648
0.018103
-0.429385
0.224657
0.143722
-0.0140029
-0.0132106
-0.00907276
-0.164914
0.00717858
0.00200366
-0.173823
-0.0350879
0.117271
-0.0417525
0.195831
0.0979553
-0.0370553
-0.0673594
0.180713
-0.0121206
0.302927
-0.161001
-0.153254
-0.222743
-0.349383
-0.15883
-0.344023
-0.344866
-0.249944
-0.322078
0.312255
-0.123203
0.000507638
-0.0349235
0.0853753
0.0519149
-0.136967
-0.29366
0.0466472
0.17082
-0.0783364
-0.071404
-0.184286
-0.396694
-0.218593
0.132985
-0.234352
-0.142534
-0.21204
-0.0228916
0.32368
0.169257
0.443245
0.0593257
0.0408363
0.0389369
-0.582826
-0.0485751
-0.12278
0.0477891
0.0272408
-0.0347054
-0.113054
0.213483
0.15237
0.106365
-0.146166
-0.0089935
-0.0190983
-0.048714
-0.0315524
-0.0508494
-0.0901584
0.0133055
-0.0935419
-0.0333945
0.120999
-0.0368382
0.112555
0.213344
-0.0966297
-0.27139
-0.257239
0.104035
0.00196325
-0.219311
-0.16048
0.0353399
-0.387114
-0.158947
0.00553248
0.144146
0.0144377
-0.0439373
0.00716544
-0.0994016
0.166267
0.0494029
-0.0984679
-0.0738251
-0.111104
-0.0981264
-0.059051
-0.015707
-0.104128
-0.311059
-0.0555173
-0.226487
-0.152091
-0.223765
-0.0530979
0.303074
0.299297
0.280951
0.479202
0.164225
-0.512712
-0.122494
0.0312868
-0.102696
0.0654436
0.0668978
0.297142
0.269091
-0.0832628
-0.0255756
-0.144898
-0.164192
-0.226986
-0.220967
-0.093599
0.00487063
-0.0686704
-0.09395
-0.174641
-0.148998
-0.173015
-0.170973
-0.147918
-0.130198
0.125558
0.0600749
0.124535
0.106918
-0.163936
-0.24804
0.224468
0.183488
-0.0374742
-0.195826
0.0277785
0.137083
-0.23268
-0.0589343
-0.19898
0.0654544
0.214145
0.987931
0.0652548
0.267833
0.116799
0.0619903
-0.0160021
-0.0309299
-0.0815937
-0.216311
0.0259927
-0.0936381
-0.0359407
0.146499
-0.105771
-0.432099
-0.121346
-0.0195159
-0.123249
-0.218056
0.0124952
0.167321
0.123211
0.18035
-0.045156
0.210715
-0.130794
-0.0513388
-0.289295
0.125303
-0.0549165
0.176091
-0.0801837
-0.178715
-0.100617
-0.14488
-0.323007
-0.141508
-0.124275
0.17548
-0.352758
0.298797
-0.188599
0.0425628
0.0916479
-0.0680768
0.0599832
-0.0473208
-0.00046472
0.0756206
-0.116478
-0.164532
-0.0675607
-0.113806
-0.15632
-0.203703
0.0677875
-0.0199222
-0.382267
-0.232829
-0.0851716
-0.417604
-0.34
-0.174074
-0.0688332
0.0314898
-0.157119
-0.249621
0.0736615
-0.169994
-0.17737
0.198111
0.315701
0.154583
-0.127565
0.307935
0.206004
-0.0891274
0.062373
-0.114917
0.0308204
-0.441948
-0.0981765
0.274752
-0.107174
0.171301
0.0495411
-0.00910504
-0.24927
0.0999479
1.01225
0.0752401
-0.210702
-0.0293501
0.0749997
-0.0509731
-0.735259
0.21875
-0.641033
-0.0143752
0.397124
-0.393021
0.243234
-0.105689
-0.174398
-0.292653
0.184234
-0.0935499
0.0432304
0.13014
0.127069
-0.181789
-0.223071
-0.175293
-0.53421
-0.128289
-0.0185372
-0.466571
-0.108809
0.00352371
0.0343562
0.0438669
0.0555173
0.0610422
-0.0205716
-0.185301
-0.026843
-0.0971702
-0.293639
-0.415391
-0.0603189
0.0664963
-0.0432989
-0.476013
-0.56563
0.143235
-0.166688
-0.0542286
-0.0352249
-0.162775
-0.0389352
-0.227938
-0.165928
0.092473
0.0232781
-0.142242
-0.186464
-0.203665
-0.519015
-0.494841
-0.027691
-0.101132
-0.0928949
-0.0104028
-0.0539486
0.17997
0.150457
-0.290707
0.129254
-0.0338026
0.32774
0.222132
0.884667
-0.386804
-0.0462452
-0.481346
-0.062411
0.189942
0.133545
-0.0177511
-0.0149772
-0.000649161
0.0634472
-0.000160574
-0.156465
0.183805
0.112237
0.126539
-0.0725507
-0.109185
-0.0568946
-0.343458
-0.133606
-0.0818569
-0.0813199
0.0572896
-0.0890937
-0.471579
-0.00268914
-0.0661171
-0.150288
-0.140796
-0.0474156
0.0911637
-0.0992446
-0.0895467
0.216049
0.23639
-0.121027
-0.084844
0.0177107
-0.164181
-0.118089
0.00429999
0.0651706
0.017757
-0.0965376
-0.251923
-0.409215
-0.048557
-0.186462
0.0966252
-0.430139
-0.504255
0.00686106
0.305258
-0.302214
-0.114129
-0.27673
0.19619
0.0155497
-0.0205047
0.245491
0.328629
-0.564947
-0.111519
0.228761
-0.148183
-0.17431
-0.169069
-0.256539
0.0316188
-0.426436
-0.00874011
0.213798
-0.0722714
-0.0451114
-0.0788643
-0.153838
0.0116262
0.0365238
-0.0488224
-0.0872897
-0.108654
-0.0375046
0.216505
-0.132981
0.206657
-0.0275093
0.0216907
-0.170258
-0.0768175
-0.189173
0.104434
0.213473
-0.148278
-0.159181
-0.0261763
0.0454877
0.145711
0.0542453
0.188319
0.27612
0.0421909
0.323636
-0.0556658
-0.064458
0.155861
-0.151621
-0.262728
0.0116614
0.218386
-0.238368
0.207769
0.0486053
-0.0617266
-0.027304
0.235528
-0.0279374
0.22066
0.0269577
-0.0863797
-0.341595
-0.0608711
0.108537
0.076634
0.291118
0.327185
-0.379784
0.154945
-0.0147232
0.0261888
-0.34868
0.0208448
0.455932
0.0951982
0.147573
-0.139626
-0.0950693
0.116118
0.139962
0.210721
-0.192246
0.287431
0.120561
-0.0411101
0.177672
-0.0548316
-0.119796
0.0527384
0.0703799
0.105334
-0.0670509
0.0589753
0.0144447
0.0640611
-0.544769
0.0505131
-0.115968
-0.290489
-0.105804
-0.128895
-0.0839476
0.315475
0.0583636
0.475653
0.402388
-0.218432
0.302795
0.20542
0.1345
-0.0479993
0.0554058
0.205421
0.146666
-0.00830415
0.0660335
0.252117
0.250803
0.265119
0.0731655
-0.0823874
0.649408
0.292707
-0.0213583
-0.610603
-0.0784035
-0.233672
0.0675951
0.154183
-0.149394
0.179848
-0.150213
0.214097
0.103471
0.290454
0.0863255
-0.0834251
-0.206697
0.0830925
-0.410515
0.272851
0.0254205
0.250129
0.713204
-0.0987002
-0.413429
-0.0167907
0.0750647
-0.0277941
0.191035
0.124804
0.0881361
0.0132842
-0.0746719
0.0813882
-0.245428
0.0747927
-0.00750959
0.107337
-0.121297
0.113261
0.209033
-0.331343
0.659461
0.135462
-0.143842
0.0501068
-0.13578
0.100922
-0.287497
-0.0484976
0.293028
0.191567
0.219006
-0.0533952
0.355388
-0.458441
0.085151
0.0655879
0.0251662
0.168964
0.0810774
-0.257866
-0.0937361
0.0170964
-0.693631
0.213545
0.141329
-0.628547
0.238356
0.34534
0.589855
0.0417913
0.116151
0.16164
-0.542635
0.00857595
0.0304536
-0.116861
-0.0094211
0.0489649
-0.0966144
-0.498429
-0.413982
0.11125
0.260873
-0.09691
0.172784
0.132068
-0.0153378
-0.458232
-0.0714026
-0.0461281
0.314847
-0.0851398
0.0484672
0.164939
0.534433
0.386924
-0.0524612
-0.0982525
-0.0260357
-0.0407498
0.0557483
-0.566828
-0.698633
0.0325293
-0.0440938
-0.102151
0.0999556
-0.112422
-0.150213
-0.160202
0.00871527
0.206213
0.103541
0.106511
0.115043
0.0272232
-0.41527
0.111195
0.283141
0.217777
0.156723
0.0244758
-0.0686533
0.0519659
0.229312
-0.50515
-0.38441
0.186045
0.263954
-0.474722
-0.538489
-0.0314128
0.0103199
0.00344169
-0.0506927
0.0237408
-0.0807692
-0.0287338
0.0244535
0.0912176
0.000879439
0.0949574
0.11308
-0.255745
0.0176966
0.419836
0.235449
0.0609688
0.0129908
-0.961893
-0.230216
0.11158
-0.070434
-0.23224
-0.127776
0.133709
-0.101458
-0.373636
0.135872
-0.0265802
-0.162784
-0.0795265
0.105044
0.146128
-0.208559
-0.017472
-0.141213
-0.130226
-0.14373
0.1665
0.0289637
-0.116063
0.0435376
0.11942
-0.208694
-0.0525214
-0.0709892
0.0276014
1.19735
-0.00254721
-0.0709312
0.00134523
0.0378754
-0.226019
-0.108933
0.0179603
-0.0701644
-0.0873373
0.213574
0.202773
-0.0912427
-0.03687
-0.0931686
-0.296945
0.810071
0.300148
-0.0455618
0.278682
-0.0355538
0.425788
0.166702
-0.0727833
-0.0187538
-0.110561
0.0136848
-0.240481
0.560323
-0.0735619
-0.0226903
0.113076
0.0513718
-0.0277352
0.0803001
0.268845
-0.22304
-0.105551
-0.0461959
-0.061582
-0.107656
0.00499767
-0.0849868
-0.0676936
-0.0382977
-0.234768
-0.265082
-0.0867093
-0.0995273
-0.148597
0.0958793
0.275576
0.085939
-0.0894767
-0.091667
-0.192933
-0.0867875
-0.117954
0.107952
0.000540732
0.159894
-0.157978
-0.175385
-0.0692827
-0.185824
0.180523
-0.0339109
0.192124
0.500358
-0.0503607
-0.0874436
-0.0743963
-0.0993507
-0.20454
0.0461883
-0.14518
0.255369
0.172188
0.15973
0.188278
0.252204
0.136575
0.230515
0.0123149
-0.0145213
-0.00199177
0.126205
-0.555138
-0.169497
-0.215318
-0.097406
-0.217146
-0.0171967
-0.25189
-0.0195052
-0.0114402
-0.320724
-0.404645
0.0475463
0.0147086
0.286307
-0.0250244
0.230574
-0.154217
-0.233575
-0.107838
-0.0238911
0.194648
0.241262
0.327416
0.396818
0.245241
0.328027
-0.621318
-0.0841373
-0.182322
0.325818
-0.0904882
0.0761366
-0.0292397
-0.000408725
0.378354
-0.172254
-0.155987
-0.117225
0.145597
0.173571
0.0218284
0.0125575
0.303199
0.189056
-0.145848
-0.0112067
0.12679
-0.144134
0.202239
-0.495865
-0.0589779
-0.526049
-0.352115
-0.0606979
0.171943
0.123063
-0.173194
-0.0295984
0.0330367
-0.458875
-0.0279448
0.098417
1.22451
0.114911
0.117235
0.0912254
-0.0345828
-0.00219737
-0.0667523
0.0266366
-0.283675
-0.193125
-0.11575
0.0446351
0.313264
0.102082
0.0429954
0.0620256
0.126117
0.00971093
0.153216
0.0719581
-0.295404
-0.436447
-0.611757
0.358857
0.945734
-0.109805
-0.0732449
0.180475
-0.335206
-0.176524
-0.279019
-0.0265153
-0.0417705
-0.118597
-0.128385
0.0671542
-0.42074
-0.328227
0.0760839
0.258159
-0.408526
0.0777597
-0.0958422
-0.0474423
-0.1968
0.0889912
-0.572798
0.0675211
0.0989137
-0.0925263
0.0549619
0.160589
0.271451
0.516174
-0.064097
0.0123146
0.25089
-0.0352324
0.15946
-0.181374
-0.137566
-0.122346
-0.0785415
0.0314987
0.0121956
-0.0233608
0.284586
-0.644674
-0.431702
-0.599096
0.07199
-0.191049
0.675075
0.0287437
-0.00213412
-0.0143887
-0.0568072
0.0753345
0.0734903
-0.069748
0.177286
0.107726
0.0713995
-0.186649
0.294802
0.189746
0.0112361
-0.106258
0.0774936
-0.0184099
-0.206721
0.0484634
0.146033
-0.507092
-0.486758
0.0733093
-0.0317904
0.0225333
-0.0478292
0.084567
0.118913
-0.0602468
-0.119677
0.0764308
-0.0222113
0.043583
-0.0506407
0.0667299
0.33922
0.0321847
-0.0368076
-0.346941
-0.0373342
-0.144224
-0.414835
0.141329
0.103304
-0.129084
-0.158974
-0.24558
-0.0594835
0.0699482
-0.0131513
-0.0512932
-0.106943
0.0687601
-0.474656
-0.108925
-0.146524
-0.137437
-0.0653693
-0.150257
-0.312649
0.0339659
-0.0602211
-0.139984
0.1341
0.0745592
-0.335263
0.185797
-0.0350007
-0.153154
-0.0869578
0.144189
0.181718
0.0998968
0.178268
-0.0420426
-0.156326
-0.153474
0.121602
0.0987541
-0.00746361
-0.201245
0.383905
-0.0476678
-0.170849
-0.180027
-0.1031
-0.0273184
-0.314751
-0.0447738
-0.553468
-0.0250559
0.196425
0.37145
0.191823
-0.0349957
-0.365662
-0.378098
-0.296272
0.361711
-0.155423
0.055935
1.09324
0.0597284
0.104257
-0.315629
0.0526133
-0.025088
-0.535903
-0.159661
-0.14561
0.218616
0.0162069
-0.0635782
-0.0972487
-0.168404
-0.0772611
-0.11758
-0.00886825
0.323274
0.516478
-0.0932279
0.151322
0.0599078
0.276502
-0.0942982
-0.00788952
0.117614
-0.138448
0.325754
-0.12673
0.00339561
0.172105
0.0810145
-0.156034
0.313856
0.0864655
-0.0699636
-0.068626
-0.0376038
-0.0166736
-0.233239
0.0444191
0.119427
0.102844
-0.0479564
0.0308433
-0.0684434
0.211021
-0.00128681
-0.0539589
-0.018625
-0.0452172
-0.401714
-0.208142
-0.187892
-0.0819868
0.0242139
0.0438017
0.423792
0.261537
0.146469
0.0570385
-0.0993295
-0.179062
-0.226382
0.0596904
-0.160275
0.390187
0.149219
0.943802
0.0656835
-0.512884
0.0160127
0.031094
-0.123549
-0.0808232
0.118333
0.128893
-0.0595011
0.0628647
0.144799
-0.142668
-0.0865216
-0.174906
0.0232417
-0.0084441
0.0928321
-0.205977
-0.168704
-0.421494
-0.191682
-0.000332166
0.0257647
0.278216
0.0548448
-0.0244246
0.190276
0.0979899
-0.056093
0.0150754
0.0654681
0.256872
-0.312068
-0.253728
-0.169449
0.0878007
0.0810176
0.128791
-0.247875
-0.180301
-0.0656359
-0.0957752
-0.00794461
-0.162253
0.0743374
-0.436109
0.533128
-0.0764412
0.0680917
0.143571
0.0196801
-0.127656
0.128223
0.184403
0.108611
0.0206846
-0.00225609
0.0048525
0.154459
0.144882
0.179381
0.00559586
0.0417153
-0.467412
0.283765
-0.173595
-0.448539
-0.128379
-0.155128
-0.0315512
-0.0756068
0.155159
-0.219515
-0.0487839
-0.213991
-0.236808
-0.0280724
-0.0393201
0.493185
-0.228627
-0.200511
-0.1682
-0.298057
-0.268624
-0.0636691
-0.038163
-0.258701
-0.152544
-0.0216351
-0.173849
-0.320878
-0.0652768
-0.244168
-0.113472
-0.170132
-0.0259006
-0.503428
0.13364
-0.421821
-0.00569576
-0.0311693
0.01255
0.1326
0.258262
0.0886993
-0.102984
-0.216538
0.0238496
-0.284449
-0.11584
0.36348
-0.23857
0.0627825
-0.101392
-0.620848
-0.00763766
0.104089
0.159104
-0.0989253
0.539997
0.0675606
0.181263
-0.0355143
-0.0720178
0.312752
-0.122747
-0.0382886
-0.126678
0.20497
-0.345467
-0.132866
0.0494049
0.357925
0.012564
-0.240516
-0.227058
0.207586
-0.156735
0.098415
-0.31742
-0.0467269
0.0571077
-0.0383016
-0.145519
0.0906414
-0.0569892
0.304206
-0.310462
-0.2206
-0.233271
-0.244701
0.183225
0.0117529
-0.995018
0.0800462
-0.162148
-0.418867
-0.675271
-0.277768
-0.486541
-0.130028
-0.0936853
0.102037
0.118626
0.245031
0.114955
-0.193274
0.0749647
-0.0507176
0.0520621
-0.444562
-0.442403
-0.228348
-0.190116
0.363677
-0.005702
-0.118455
-0.217568
-0.080449
0.130246
-0.0618968
-0.132753
-0.144127
0.0826766
-0.043338
0.0419183
0.0928406
-0.0680449
-0.075547
-0.0597911
0.364304
-0.0737018
-0.155563
0.0147187
0.0427306
0.0196781
0.116677
0.0843561
-0.433656
0.462443
-0.452401
-0.177364
-0.300627
-0.462992
0.0879088
0.0525376
-0.0650969
0.107122
0.0939582
0.0271433
0.12169
-0.032144
-0.250327
0.012412
-0.0250624
-0.111351
-0.136047
-0.03677
-0.117405
-0.249941
-0.0862802
-0.216493
-0.943799
0.0614143
-0.114442
-0.397734
-0.0902044
-0.078717
-0.154288
0.0215493
-0.173398
-0.113708
0.141726
0.170901
0.0159499
0.228767
0.510931
0.662411
0.132671
0.255731
0.293963
0.0251897
-0.0908931
0.0204459
-0.0470753
0.067717
0.0289058
-0.234166
-0.226531
0.0798299
0.517729
-0.154588
0.0893927
0.0208199
0.226228
0.0996033
-0.258183
0.175388
-0.284767
0.165813
-0.309961
-0.248135
0.0216516
0.107826
0.207125
-0.044803
0.0479994
0.0752112
-0.228934
-0.124211
-0.305259
-0.325366
-0.0240729
0.0405666
0.0854066
0.04433
0.139055
0.181336
0.00475255
-0.252852
0.0494974
-0.0150089
-0.0905632
-0.230569
-0.11697
-0.0850552
0.0589779
0.0856607
0.165613
-0.0777984
-0.157478
-0.330303
-0.0665636
-0.304819
-0.454495
-0.0507975
-0.230581
0.0808403
-0.196671
-0.0430734
-0.16553
-0.0840728
-0.0948234
-0.159175
-0.202249
0.0330795
0.169162
-0.0624168
-0.0868681
-0.0570657
0.100568
-0.0896783
-0.0634862
0.0707537
-0.117067
-0.0056689
0.000647701
0.150779
-0.382763
-0.148939
0.0862853
-0.14858
-0.62833
0.221569
-0.281279
-0.210535
-0.23526
-0.175364
-0.495837
0.647862
0.0716778
0.635573
-0.0264749
0.0105845
-0.136939
-0.144089
-0.0439549
0.408764
-0.150908
-0.0676852
-0.217612
0.0425481
-0.148719
0.0655753
-0.0060836
0.0703084
-0.207926
-0.210967
-0.183072
-0.0577955
-0.0163904
0.0582315
-0.0338351
0.0771082
-0.111526
0.256251
0.0157126
0.251782
-0.0636691
-0.0748921
-0.232675
-0.128104
0.0363287
-0.0655504
-0.118408
-0.0490753
-0.11115
-0.495455
0.0560694
0.163584
0.193362
0.700503
0.0399633
0.133787
0.225263
0.374685
-0.346093
-0.252807
-0.368708
0.129422
-0.0904009
-0.33509
-0.15096
0.297313
-0.133372
0.195827
-0.07538
-0.442183
-0.0211893
-0.0538042
-0.127516
0.0225658
0.00416392
-0.0266597
-0.145296
-0.0718249
0.0591435
-0.116999
-0.154902
0.0195661
-0.127631
-0.132286
-0.0981598
0.219476
0.218808
-0.161267
-0.0678582
-0.546992
-0.11869
0.138598
-0.172956
-0.085228
0.00594928
-0.0916731
-0.0523517
0.120661
-0.168792
-0.124939
-0.018154
-0.074147
-0.0972925
0.291239
-0.384396
-0.135446
-0.306007
-0.147653
-0.100096
-0.0900563
-0.314966
0.0191536
0.211735
-0.291056
-0.00229315
-0.0264324
0.243732
-0.0724244
0.00557388
0.433767
-0.320473
0.114113
-0.305497
-0.156237
-0.154741
-0.184937
-0.0229641
-0.21784
-0.476048
-0.205753
-0.616606
0.029787
-0.15772
-0.439258
-0.192482
-0.174282
-0.138303
0.311613
-0.243321
-0.064416
-0.0437261
0.0381205
0.186919
0.0527063
-0.107522
-0.02067
-0.234004
-0.0809705
0.0341556
-0.147352
-0.107634
0.367194
0.0109012
0.00660955
0.165643
0.173638
0.0539027
-0.0184287
-0.0143274
0.0746336
0.264908
0.00869456
0.14107
0.152836
-0.0658646
-0.234814
-0.0710035
-0.132513
0.414718
-0.203167
0.136695
-0.00630338
-0.0545238
-0.0411793
-0.071012
-0.125549
-0.177075
-0.151699
-0.0709197
-0.262233
-0.315112
0.202674
-0.366803
-0.0691474
-0.0278254
-0.00165865
0.191665
-0.0376377
0.00554106
-0.193022
-0.371868
0.267347
0.17289
0.0770605
0.0650096
0.632626
0.325983
0.0298639
0.127476
0.44325
-0.184584
0.081195
0.00082565
-0.0755635
-0.145668
-0.184801
-0.331061
-0.0122719
0.234536
-0.0366993
-0.00575231
-0.266975
-0.375099
0.228877
0.161028
0.263241
-0.576376
0.149111
-0.0327238
0.00307357
0.127051
-0.323006
-0.017609
0.10864
-0.193655
-0.0724336
-0.0819276
-0.0366871
-0.134887
0.0364232
0.201278
0.106151
-0.0762625
-0.00666761
0.0711401
-0.275814
0.0665795
-0.186439
-0.433158
-0.218919
0.00921216
-0.000936995
0.139307
0.0569592
0.409749
-0.583768
-0.115554
0.090939
-0.275616
0.266993
1.19595
-0.405348
0.0944212
-0.121573
0.023313
-0.106702
-0.106069
0.28263
0.0079325
0.0388152
0.212663
0.166545
0.0867409
0.0345908
-0.0933257
0.0555403
-0.00951806
-0.235918
-0.111596
-0.0776822
-0.0351483
0.101364
-0.13915
-0.211963
-0.156689
0.110049
-0.182564
-0.0425716
-0.0929755
-0.61403
-0.28236
-0.0429594
-0.0500747
-0.224228
-0.0293795
0.438121
0.155734
0.223302
-0.0489536
-0.0901767
-0.081318
-0.0498839
0.618717
-0.00164194
-0.0544491
-0.255469
-0.274035
-0.0812271
-0.238981
-0.185873
-0.107586
-0.175063
0.0289519
0.00829232
-0.0243936
-0.104286
0.065239
-0.071228
-0.0339564
-0.223825
-0.359949
0.276538
-0.152864
-0.509034
-0.161183
-0.1062
-0.135368
-0.319182
0.545154
0.0111186
-0.0281131
-0.0412566
0.0930552
-0.0602423
-0.0469581
-0.326716
-0.0935179
0.240009
-0.199345
-0.0998561
-0.474992
-0.142078
0.339364
1.04231
0.0434289
-0.332974
0.0346336
-0.182387
-0.39794
-0.154922
-0.550515
-0.169384
-0.197411
-0.106765
-0.257282
-0.172889
-0.183773
-0.17328
0.168261
-0.0646225
-0.118796
-0.29865
-0.0663772
-0.179279
0.0115735
-0.136895
-0.319211
-0.0858287
-0.254895
-0.125458
-0.367472
-0.404009
-0.176091
-0.20926
-0.118973
-0.0801658
0.0726574
0.109911
-0.0366289
-0.15135
-0.172514
-0.129897
-0.0823965
-0.0942308
-0.00629421
-0.180736
0.0173912
-0.265202
0.140972
-0.00689368
-0.171748
0.728641
-0.554128
-0.0926701
0.191082
0.00180402
-0.162727
-0.288371
-0.0550193
-0.0945979
-0.13238
0.39794
0.433573
-0.444033
-0.225721
-0.0572131
-0.0626961
-0.148653
-0.0534624
0.0054152
0.0470475
0.0611367
-0.0935107
-0.0894842
0.508496
-0.129896
-0.092722
0.10181
-0.287729
-0.0500522
-0.0981147
-0.141243
-0.109222
-0.275141
-0.140515
-0.179445
-0.138719
-0.0669468
0.241053
0.244993
0.292648
0.150284
0.0457453
-0.149514
0.149744
0.0996501
-0.0452872
0.0316164
0.00085407
-0.135169
0.122846
0.187474
-0.173847
-0.0410071
-0.0295919
-0.0129008
0.130512
0.167801
-0.0634929
-0.191518
-0.154561
-0.161781
0.0280985
-0.233798
0.065934
0.287487
0.0901063
-0.0477965
-0.114993
-0.302801
-0.16442
-0.205218
-0.162645
0.0780398
0.397082
0.0426391
-0.19174
-0.0522978
-0.118932
0.15741
-0.119993
-0.186236
0.0132957
-0.321039
0.506843
0.511017
0.809208
0.342502
0.509603
0.458294
0.0211291
0.0595979
0.0455898
-0.0164044
0.0315412
0.134162
0.197968
-0.0894496
-0.0878578
0.566658
0.248812
0.131319
0.222146
0.116138
-0.0256054
0.0404287
-0.117965
-0.00952071
-0.121851
0.106101
0.133449
-0.110698
-0.231833
0.154009
0.228236
0.0511761
0.0203385
0.238676
-0.010434
0.178107
0.0985666
-0.112532
-0.143587
0.033614
-0.0172965
0.0816069
-0.00243799
-0.2129
-0.136583
-0.0229637
0.169931
-0.0497274
0.065436
0.0272374
-0.459855
-0.462981
-0.176341
0.144402
-0.00887639
0.103634
-0.0343866
-0.0490827
-0.0148414
-0.0918205
0.110428
0.38001
-0.133665
-0.0178459
0.0631119
0.177712
-0.254934
0.0992457
-0.571966
0.128336
-0.428804
0.194781
0.0667893
0.0438784
-0.229278
0.328371
-0.115951
-0.0996914
0.0128706
-0.133269
0.0271431
0.0414638
-0.458825
-0.526886
0.0702375
-0.352332
-0.0693662
0.194483
0.200455
0.0967976
0.632214
0.0572064
0.0205579
0.263706
0.0754782
-0.189739
-0.26477
-0.0241288
-0.215321
-0.219557
0.0772889
0.173792
-0.13509
-0.0323108
0.419377
0.431904
0.248083
-0.115688
0.41575
0.0223082
-0.23056
0.0260254
-0.145038
0.31339
-0.276238
-0.155918
0.11391
-0.25636
0.103757
-0.108607
-0.127568
-0.00965139
1.1443
-0.440177
-0.432063
-0.444146
0.000994383
-0.145636
-0.0730604
-0.124197
-0.112605
0.295456
-0.174021
0.0292607
-0.182931
-0.0511525
0.113943
0.221046
-0.162624
-0.0949896
0.0239532
-0.255081
-0.165748
0.0051764
-0.0345929
-0.103167
-0.283563
0.0942699
0.144691
-0.153882
0.191056
-0.0173426
-0.402811
0.260438
-0.370593
-0.182123
0.0472485
-0.239907
-0.307785
-0.176406
-0.237703
-0.232519
-0.0148175
0.0683018
-0.442457
0.0669468
-0.12756
-0.147377
-0.218315
0.235125
-0.304873
0.0126267
0.0443711
-0.2156
-0.414543
-0.603046
0.015543
-0.0701816
-0.0803494
0.0987438
-0.0208085
-0.67908
-0.0722106
-0.237466
-0.22575
-0.0693826
-0.0859521
-0.550351
-0.0456175
0.360344
-0.164135
0.13627
0.126272
-0.632925
0.187299
0.0195284
-0.183677
-0.0872643
-0.140094
0.0955195
0.219697
0.0186155
-0.0406179
0.423474
-0.389891
-0.37782
-0.531044
-0.256007
0.0662126
-0.157898
-0.0865938
-0.112974
0.134909
-0.249549
-0.269431
0.0423766
0.124106
0.190027
-0.0101769
-0.0204105
-0.0645654
-0.0439055
-0.275975
-0.0446496
-0.239251
-0.21564
0.287545
0.277765
0.133501
-0.264524
0.00133016
-0.0388288
-0.0793739
-0.169305
0.0896867
0.171487
-0.181732
-0.226273
-0.0939762
0.0508741
0.15378
0.314368
-0.182248
-0.138706
-0.0101792
-0.143851
0.176789
-0.174471
-0.272974
-0.446934
0.0338583
0.0182613
0.0610357
0.0922854
-0.0738625
-0.111091
-0.163111
0.527103
0.118976
0.126018
-0.187
-0.11089
0.237361
0.0324413
-0.0241018
0.071921
-0.101304
-0.11811
-0.0890987
-0.078435
-0.108845
0.451102
-0.0575522
0.0425323
-0.0733067
-0.0124346
-0.106162
0.421892
0.0092258
0.0545349
0.0246809
-0.285061
-0.449827
-0.0679971
0.375769
0.155801
-0.567314
-0.310238
0.153602
0.214372
-0.181613
-0.0025112
0.0521084
-0.384146
-0.104874
-0.127066
-0.0402492
0.0840821
0.11993
0.0784227
-0.123799
-0.150089
-0.0284759
-0.204863
-0.329491
-0.0117038
-0.0650984
-0.363618
0.048722
0.0702839
0
-0.35737
-0.235953
-0.0858822
-0.129448
-0.144069
-0.083204
0.0866587
-0.140054
-0.550361
-0.331197
-0.266913
0.0401391
-0.0353199
-0.017359
0.0176417
-0.0912547
0.0380901
0.0484254
0.0345202
-0.141079
-0.387949
0.181385
0.0750796
-0.018621
0.193719
-0.160074
-0.112635
0.0590103
0.182421
0.167136
-0.214607
-0.00556285
-0.1245
0.0544848
-0.149878
-0.189455
-0.328709
-0.0871502
0.450175
0.0879719
0.0882436
0.174072
-0.0595857
-0.0896108
0.0433903
-0.257084
0.187858
0.301768
-0.0520508
-0.151617
-0.186284
-0.0884
-0.766856
-0.0839019
-0.150709
-0.200848
-0.0930374
-0.162365
-0.0886834
0.272102
0.0671584
-0.0308577
-0.217542
0.113536
-0.045123
-0.113357
0.0625112
0.0839801
0.0233084
0.0161868
-0.0241337
-0.100537
0.32229
0.270979
-0.679121
0.169494
0.0645441
-0.0563344
-0.159536
-0.0196325
-0.108969
1.00553
-0.0770152
0.0144434
-0.083295
-0.165934
-0.0142404
-0.0268721
-0.385852
-0.111859
0.243017
0.071111
-0.00709137
0.0536111
-0.23695
-0.0164847
-0.0190175
-0.0571023
-0.388769
-0.0378748
0.2551
-0.799901
-0.0753199
-0.0810424
-0.200872
-0.12657
-0.140767
0.317099
-0.10681
-0.303805
-0.10032
-0.0328683
-0.111222
-0.158618
0.0150455
0.102028
0.0130452
-0.0094648
-0.0274082
-0.148782
-0.0159156
0.0997883
-0.0576583
-0.290172
-0.0925711
0.0523724
-0.092872
-0.0908714
-0.100412
-0.0424331
-0.199881
0.037709
0.140822
-0.0383215
0.22623
-0.159854
-0.295374
0.0437233
-0.0868284
0.0130953
0.102135
0.222555
0.0342141
-0.0181031
-0.00258593
-0.151176
-0.0317017
-0.0436645
-0.735273
-0.207883
-0.0522396
-0.0753054
-0.251201
-0.146998
-0.118512
0.105695
-0.176161
-0.155161
-0.104973
0.0560866
-0.212499
0.0110146
0.156093
0.242152
-0.113741
-0.114713
-0.107305
0.0689513
-0.0433999
-0.00360912
-0.232988
-0.241236
0.142584
-0.336162
-0.379412
-0.145759
0.02357
0.334264
-0.0627879
-0.110548
-0.139964
0.23088
-0.0411191
0.0264919
0.078745
0.10017
-0.352534
-0.0277383
-0.629321
-0.096342
-0.082399
-0.101346
-0.246168
0.0514801
0.123686
0.005707
0.0694516
0.268791
0.0108964
-0.105697
0.453968
0.1967
0.0542565
-0.239346
-0.00299253
0.239147
0.371502
0.0494665
-0.120491
0.00247411
0.0971004
-0.0695242
0.128827
0.882894
0.154342
0.0826872
0.0948107
0.0377597
-0.43539
0.0161709
0.0860525
-0.536515
-0.0643015
-0.0655215
-0.075467
-0.0189147
-0.179841
-0.0140507
-0.0220384
-0.189277
-0.324139
-0.238281
-0.0971647
0.165481
0.365363
-0.0824289
-0.535472
0.0243801
0.171891
0.0845888
0.0407561
0.139838
0.0294393
-0.152113
-0.037637
-0.724973
-0.675893
0.193651
-0.122603
-0.255379
0.0351981
-0.170611
-0.330425
-0.0854629
-0.00517026
-0.0715121
-0.342423
-0.450605
-0.0244535
-0.138587
-0.211001
-0.270803
-0.168195
-0.197251
-0.116039
-0.48533
-0.281902
-0.358713
-0.00514697
0.112135
-0.0806142
-0.0943326
-0.341759
-0.113709
-0.23451
-0.122838
-0.141176
0.0233548
-0.129537
-0.137818
-0.215055
0.0790516
-0.155373
0.0950746
-0.155557
-0.189295
-0.331826
-0.245867
-0.110896
0.0798092
-0.0385461
-0.375374
-0.289189
0.0836146
0.125859
0.126536
-0.140846
-0.145247
-0.0736838
-0.0816465
0.0805773
-0.00466709
0.0728897
-0.0605395
0.316046
-0.046589
-0.228996
0.118018
0.0623737
-0.224845
-0.193699
-0.343904
0.255799
0.09691
0.00908599
0.124939
0.0561546
0.068597
0.159591
0.106055
0.107162
0.0165691
-0.0140775
0.325322
-0.0946982
-0.0232591
-0.138626
0.418542
0.179913
-0.214817
-0.217635
-0.212156
-0.0416801
-0.160126
-0.247801
-0.0984864
-0.0465584
0.0827041
-0.0491715
-0.0719693
-0.0431904
-0.0644145
-0.289398
-0.0295707
-0.0343204
-0.14996
-0.0450595
0.0542747
-0.140713
-0.0136023
-0.0140359
0.950597
0.888223
-0.119896
0.0526044
0.257814
0.0228801
0.039085
-0.219012
-0.151686
-0.105129
-0.184268
-0.180255
-0.162702
0.0231947
-0.0786254
0.12173
-0.202276
0.184395
0.118824
-0.349637
-0.0199711
-0.0974225
-0.00485249
-0.0178747
-0.244468
0.0872689
0.423075
-0.573786
-0.211975
-0.189283
-0.0287259
-0.0916213
-0.257924
0.0964043
-0.121804
0.457648
-0.198577
-0.319945
-0.360304
-0.0848316
0.130068
0.0957372
-0.00491425
0.172546
0.0194292
0.0323576
-1.11372
0.0632224
-0.764888
-0.686608
-0.656404
0.0601156
-0.163976
-0.0364085
-0.293163
-0.205609
-0.225139
-0.107618
-0.157668
-0.0604647
-0.0750269
0.358121
0.203886
0.378429
0.485179
-0.0742009
-0.135275
0.0446191
-0.514045
-0.409757
-0.227847
-0.123375
0.269435
-0.074488
-0.771902
-0.125993
-0.135259
-0.175084
0.0462751
0.0802765
0.0650336
0.233719
0.176308
-0.244569
-0.310985
0.141522
0.00413618
-0.146352
0.0901039
0.0395577
-0.130842
-0.228576
-0.211483
-0.101607
-0.0307267
-0.185912
0.0475693
-0.0513715
0.121845
0.0371108
-0.152953
-0.376366
-0.0262561
-0.195308
-0.236067
-0.0116077
0.0407314
-0.0806004
-0.112576
-0.384309
-0.350989
-0.481274
-0.178313
-0.0306485
0.31448
0.0200402
-0.0488399
-0.576432
-0.603513
0.830892
0.614743
-0.0309771
0.140123
0.0145978
-0.256058
-0.1947
-0.346521
0.103336
-0.339712
0.0433623
-0.360616
-0.199191
-0.0323142
0.177098
0.228129
0.163262
-0.0655015
0.0604512
0.142938
0.161821
0.211589
0.072188
-0.326477
-0.0820005
0.228857
0.1532
-0.436778
-0.178511
-0.178946
-0.545682
-0.11368
-0.116235
-0.109765
-0.0682321
-0.180208
-0.0941912
-0.161757
-0.0617152
0.0468311
-0.188713
-0.114449
-0.0663772
-0.132047
0.0956686
0.0203386
0.115402
-0.213195
0.32105
-0.158042
-0.249044
0.184436
-0.0597957
0.0108341
-0.0134825
-0.0777254
0.129471
-0.0681859
0.0226059
-0.111535
-0.228262
-0.402163
-0.329647
-0.161922
-0.0660477
-0.54257
0.551755
0.0216831
-0.00981496
-0.432784
0.552818
0.246904
-0.2675
-0.090103
0.157953
-0.785084
0.0105654
-0.041407
-0.1171
-0.539844
-0.0683419
-0.191464
-0.513333
-0.687448
-0.146834
-0.323271
-0.0936541
-0.0312505
-0.122533
-0.113404
-0.287142
0.0454006
-0.129238
0.0891339
-0.0976333
-0.298148
-0.590708
-0.601518
-0.124301
0.0241337
-0.0487638
-0.116892
-0.156138
0.145845
-0.126912
0.0566042
0.0330141
0.00156432
-0.235321
0.0587933
-0.44477
-0.344025
-0.0642493
-0.0830729
-0.0292296
-0.219703
0.0974601
0.53441
0.147978
-0.0386084
-0.102841
-0.0362727
0.0153597
0.146916
0.34365
-0.145368
0.10966
-0.0182888
-0.290486
0.147889
-0.0281017
-0.00930215
-0.151189
-0.137364
-0.088413
0.100608
0.228516
-0.207752
-0.0364037
0.0704936
-0.131796
-0.374163
-0.110916
-0.180158
-0.0429898
-0.123625
0.048621
-0.0757523
-0.282798
-0.192328
-0.513379
-0.00746485
-0.0874512
0.20626
-0.138826
-0.532649
0.105452
-0.487236
-0.0428883
-0.327346
-0.175784
-0.090352
0.0343689
-0.376405
-0.0869179
-0.166917
-0.0904623
-0.116056
-0.105241
-0.0527063
0.108594
-0.459909
0.404825
0.0299632
0.174511
0.310065
0
-0.13095
-0.0557417
-0.136297
-0.0642986
-0.172363
-0.0477315
-0.229988
-0.0472222
-0.132466
-0.0792579
0
-0.270938
-0.214824
-0.0741577
0.1729
-0.2634
-0.356248
-0.216918
-0.363304
-0.153752
-0.499029
-0.00400448
-0.0628149
-0.095306
-0.239932
0.330229
0.0263208
0.0393613
0.0904623
-0.0573853
0.470337
-0.252702
-0.203483
-0.0162581
0.207103
0.151376
0.126006
0.0312277
-0.0229839
-0.702771
-0.435729
-0.140895
0.181203
-0.0954303
-0.170053
-0.046537
0.179215
-0.000678561
-0.0192471
0.0946503
-0.203357
-0.3028
0.0872293
-0.320857
-0.11349
-0.101509
-0.855524
0.116588
0.142198
0.0274114
0.145655
-0.0995342
-0.0949622
0.00354528
0.0679463
-0.0578691
0.118277
0.279214
0.175949
0.159701
0.105936
-0.0621479
-0.110019
-0.487121
-0.387265
-0.0798572
-0.620588
0.180963
-0.150674
-0.159362
-0.0605176
-0.0251907
-0.147671
-0.0508155
-0.0977424
-0.0482968
-0.00603661
0.180185
-0.0637534
-0.406893
0.0892734
-0.816397
0.566062
0.0724519
0.0528941
0.224569
0.224848
-0.158971
0.0265407
-0.334133
-0.28056
-0.172961
-0.234726
-0.0737685
-0.153977
-0.164222
-0.154902
1.12344
-0.161934
-0.088216
0.000939007
-0.0119856
0.10836
0.0600573
0.000763276
-0.234264
0.191849
-0.133812
0.429759
-0.098307
-0.404323
-0.0559386
-0.188693
-0.109315
-0.145244
-0.128011
0.109013
0.232977
-0.0118141
-0.0904777
-0.0977287
-0.192962
0.192624
-0.124721
0.303988
-0.0795494
0.00141459
-0.201736
-0.168135
-0.139861
-0.111817
0.105963
-0.0630517
0.291217
-0.35419
-0.0462073
-0.054158
0.509207
0.534368
0.0747684
-0.0388517
0.0610329
-0.0640819
-0.289615
-0.0553307
0.275223
0.451306
0.540995
0.23835
0.0907327
0.0625435
0.0994489
-0.416175
0.167491
-0.0487806
0.125769
-0.0595857
-0.237316
0.131685
-0.671254
0.163691
-0.0563967
-0.0851266
0.413452
0.00650296
-0.335143
-0.32553
-0.213562
-0.0799307
0.0757207
-0.278006
-0.254558
-0.188183
-0.66386
-0.667032
-0.0116857
-0.191398
-0.135133
-0.47144
0.0412753
0.0736201
-0.1046
0.140709
0.0406665
-0.373096
0.140627
-0.110161
0.207647
0.0285589
0.302188
-0.103344
0.0114662
0.101873
-0.603141
0.0955717
0.0854498
-0.28892
0.145292
-0.105958
-0.138303
-0.158506
-0.616365
0.137749
-0.303459
-0.118474
-0.105066
-0.084532
0.0866909
-0.0393021
-0.0931691
0.238801
-0.225505
0.0655185
0.0386924
-0.0744691
-0.176091
-0.128097
0.307518
0.0335556
-0.00669445
0.13804
0.329465
-0.380307
-0.174406
-0.205855
-0.340813
-0.47062
0.362482
0.39395
-0.0269339
-0.0586492
-0.0977572
-0.207903
0.049285
-0.382253
-0.402829
-0.218843
-0.103914
0.252506
-0.171704
-0.202381
0.0754794
0.0655879
-0.519892
-0.24281
0.224434
-0.0920693
-0.283758
-0.501977
-0.118399
-0.0517335
-0.0933168
-0.0534742
-0.265661
-0.257842
0.0526013
-0.304293
0.227881
0.182065
-0.254986
-0.0167132
0.0779068
-0.181496
-0.180037
0.0217192
0.227835
-0.259367
-0.00638008
-0.162958
-0.210772
0.00477457
-0.0840936
0.781166
-0.0762254
-0.0421099
-0.660688
-0.206624
0.0675578
0.111604
0.306086
0.193721
0.0889518
-0.414673
-0.329814
0.0645594
0.0464028
-0.146128
0.0138157
0.0350822
0.180736
0.025582
0.228479
0.143876
0.251592
-0.191433
0.088283
0.170472
0.239524
0.250029
0.266229
0.209015
0.180873
0.274873
-0.00490733
-0.0894783
-0.0304269
0.00290852
0.110855
0.144138
0.213154
-0.229308
0.108769
0.0997905
-0.0344879
-0.039291
-0.128484
-0.0815099
-0.02396
0.201785
0.0905212
0.11527
-0.0982602
0.0234402
0.378853
-0.0649576
0.0283616
-0.0613788
0.0518755
0.0853392
0.200618
0.214646
-0.227842
-0.209781
-0.575342
-0.0616457
0.345369
0.721368
0.0313196
-0.0752796
-0.0365834
-0.0961795
-0.0579148
-0.0345704
0.0115052
0.094342
0.242906
-0.0581211
0.148471
0.0196224
-0.0513343
-0.0683968
0.25838
0.149346
-0.143779
-0.646718
0.123028
0.0688606
-0.201364
-0.0369836
0.144713
-0.0603062
0.10193
0.00824807
-0.132013
0.123564
-0.0666581
-0.0354355
-0.149551
-0.156508
-0.108339
-0.16898
-0.226905
0.0246669
-0.108556
-0.05194
-0.212645
0.173849
0.222112
0.335982
0.0211274
-0.499466
-0.105768
-0.083717
0.0434388
0.236013
-0.0178911
-0.322503
0.104617
0.228742
-0.133987
0.244774
0
-0.151542
-0.263922
-0.167663
0.264234
-0.21421
-0.01584
0.104254
-0.0648845
-0.109893
-0.311776
-0.175333
-0.274769
-0.539555
0.0297965
-0.0710295
0.113318
-0.0608212
-0.242821
0.131764
0.256815
0.0129521
0.0613575
-0.276331
-0.199278
0.148083
0.233448
0.341284
0.226961
0.249263
0.00680179
0.00170466
0.0193682
-0.209999
-0.11837
-0.0284108
-0.0647819
-0.303581
0.23116
-0.30103
0.395667
-0.042168
-0.076732
0.173592
-0.0581598
-0.246287
-0.231185
0.0371878
0.0943924
-0.182069
0.109144
-0.00401065
-0.154292
-0.00027668
-0.0724764
-0.197474
-0.0614744
0.0689495
-0.294153
-0.360455
-0.327914
0.119732
0.0337825
-0.433871
-0.358257
0.151496
0.013911
-0.100948
-0.0222432
-0.0660497
-0.138027
0.389638
-0.368375
-0.0991779
-0.349156
-0.286733
-0.180024
-0.11409
0.308757
-0.262241
-0.196086
-0.135865
-0.0788712
-0.121789
-0.176006
0.107307
-0.109452
-0.168266
0.324942
-0.165472
-0.175268
-0.0749304
-0.029589
-0.0188854
-0.0132283
-0.173803
0.685343
-0.00892857
0.426695
-0.0719039
0.319704
-0.174033
-0.1618
-0.182144
0.230796
0.23866
0.0087418
0.129518
-0.0420401
-0.336433
-0.55961
0.215025
0.305578
-0.0145196
0.00907331
0.0114876
-0.143068
0.346983
-0.0522535
-0.0799171
-0.155666
-0.353665
0.0406463
-0.077342
0.130798
0.406568
-0.130022
0.144766
-0.197224
-0.00691814
-0.156505
-0.00254223
0.0665535
0.14251
-0.127475
-0.203225
-0.0723671
-0.058426
-0.281571
0.0204255
-0.16007
0.392387
-0.240152
-0.0510733
0.143993
-0.624933
0.179237
0.668254
0.165998
-0.0501948
-0.394256
0.0325723
-0.115859
-0.00148183
-0.254685
-0.134748
0.607173
-0.0665126
-0.285573
0.587988
0.474334
0.0239822
-0.0574752
-0.200537
0.160042
-0.145233
-0.0753257
0.0512785
-0.290669
-0.153443
-0.242632
-0.0974393
-0.0236781
-0.376899
-0.135491
0.126157
-0.353072
-0.137768
-0.000650613
-0.0202034
0.0942566
-0.00411658
0.192606
-0.149634
-0.0645594
-0.15244
0.0344592
0.058389
-0.370288
-0.142993
-0.339013
-0.167156
0.187922
0.144021
-0.0153107
-0.125254
-0.255874
-0.0832401
-0.0871918
0.16974
-0.103358
-0.257727
-0.139666
0.200918
0.0384456
0.769233
0.0731758
0.00276183
0.228496
-0.340137
0.208662
-0.213791
0.395856
-0.197857
0.0798192
-0.0694809
-0.130855
-0.0963702
-0.111322
-0.326479
-0.0567029
0.356972
-0.146629
-0.624909
-0.0602499
-0.118179
0.0700466
0.356737
-0.097517
-0.0352642
0.214436
0.0857264
0.0532762
0.0502487
-0.548721
0.106297
0.103655
0.0360813
0.227991
0.0869158
0.0119713
-0.0380951
-0.359095
-0.276876
0.239078
0.252971
-0.44906
0.022146
-0.181716
-0.194802
-0.0300072
-0.0992628
-0.3539
-0.196564
0.310772
-0.0261908
-0.145896
-0.274938
-0.156184
-0.197366
-0.0798414
-0.217948
0.301896
-0.120807
0.213906
-0.0163904
-0.14629
-0.171709
-0.264787
-0.338626
0.29973
-0.206902
0.215401
0.0136309
-0.11825
0.0716281
0.20822
-0.305806
0.183768
-0.147494
-0.0455049
-0.120384
-0.11826
-0.0751076
0.0182796
-0.101139
-0.105009
-0.121453
-0.575462
-0.294521
-0.112921
-0.0782634
-0.463723
-0.101903
0.150746
-0.0680387
0.0152227
-0.436126
-0.247537
0.0269235
0.0888546
0.0564587
-0.415905
0.174703
0.00432732
-0.140705
-0.317769
-0.0768838
-0.165465
-0.101295
-0.0738386
0.145066
-0.260735
-0.940619
0.0403302
-0.269269
-0.345196
-0.227703
-0.352465
0.107955
-0.114108
0.142145
-0.0252936
-0.179861
-0.405911
-0.123304
0.0194978
-0.13382
-0.115154
-0.360318
0.044758
-0.0197121
-0.0311373
0.0645723
0.199095
0.281403
0.244484
-0.158791
-0.0755886
-0.02862
0.069194
-0.0301441
-0.258565
-0.0856254
-0.185996
0.166273
-0.445785
0.0631517
-0.0142301
-0.186249
-0.165567
-0.00152118
0.0885815
0.0589903
-0.0754211
0.011681
-0.00282465
0.0748598
0.0381586
0.135844
-0.0700769
0.0187598
0.211661
0.0935718
-0.0930968
-0.3147
-0.30007
-0.230214
-0.0408552
-0.0520925
0.0766948
-0.225406
-0.130255
-0.0667679
0.0307949
-0.0400291
-0.0440789
-0.015287
-0.00350237
0.044124
0.154758
0.00120301
-0.666535
-0.654231
-0.595027
-0.21356
-0.0611945
-0.114918
0.130243
-0.474056
0.057904
-0.562997
-0.20525
-0.113856
0.238441
-0.306865
-0.45633
-0.412915
-0.214456
-0.147648
-0.1089
-0.165805
0.215688
-0.276306
0.473866
0.0663727
-0.0450958
-0.0249586
0.0294096
0.125298
0.0610672
0.292891
0.272707
-0.249169
-0.142921
-0.444592
-0.000595967
-0.112371
-0.477421
-0.0276677
-0.33346
-0.0911902
-0.168934
0.0830533
0.544374
-0.0337633
0.333445
-0.0785287
0.113921
-0.156647
-0.0728535
-0.216247
-0.435523
-0.0563978
-0.117728
-0.399417
-0.351918
-0.0859741
0.457698
0.421952
-0.124973
-0.585552
-0.186718
-0.283
-0.126856
-0.0518357
-0.232495
0.0458505
0.311933
0.0276952
-0.0553238
-0.00833023
0.103762
-0.169529
-0.400053
-0.0756289
-0.257354
-0.190464
-0.118893
-0.0240439
-0.0459354
-0.177655
-0.0941645
-0.366933
1.21265
-0.262901
-0.323548
-0.0848832
-0.00290501
0.230936
-0.465492
-0.121803
0.341233
0.0376591
0.0731482
-0.0931026
-0.0225089
0.565212
0.150443
-0.319569
-0.0425874
-0.0994662
-0.630184
-0.047038
-0.350007
-0.142821
0.102705
0.110819
0.224783
-0.25723
-0.0611072
-0.270065
-0.175699
0.0455614
-0.334313
0.119148
-0.549288
-0.696398
-0.174324
-0.232007
-0.749206
0.0391521
0.207013
0.337767
-0.199635
0.265845
-0.212644
-0.270438
0.107597
0.158729
0.134424
0.0907789
-0.0684955
0.0190712
-0.309918
-0.0861024
0.0296548
0.338294
0.94882
-0.0966878
-0.200203
-0.208276
0.0959155
0.0910027
0.316588
0.265547
-0.138534
-0.126625
0.2966
-0.191806
-0.288578
-0.627553
0.0861779
0.0136154
-0.00813026
-0.415621
-0.0517924
-0.0175438
0.343217
-0.417756
0.143126
0.0102192
-0.06515
-0.363269
-0.0596583
0.0461192
-0.213055
0.29289
0.057613
-0.160621
-0.0982191
-0.30245
-0.01492
0.201675
-0.123835
0.229762
0.332331
-0.0245727
-0.235736
-0.0185506
0.0828273
0.18488
-0.0391963
-0.154048
-0.0824839
-0.0789414
-0.0498464
-0.115037
0.0186945
-0.199262
-0.405152
-0.0332767
0.157581
0.0349208
-0.197738
0.113711
-0.0646205
-0.389094
-0.0394832
-0.0277651
0.0245536
0.0588137
0.0636261
0.00319338
0.188548
0.343607
0.236137
0.167134
0.206089
-0.011214
-0.105956
0.250741
0.139849
-0.0228584
0.115585
0.251056
-0.164072
-0.393518
0.191835
0.201154
0.0216536
-0.0707481
-0.0270497
-0.155515
-0.252869
0.224953
-0.0463561
0.0133423
-0.238595
-0.194894
-0.0663622
-0.358899
0.278425
0.187725
-0.0391598
-0.164126
-0.267666
-0.181844
-0.300267
-0.186788
0.00219892
-0.0842046
-0.00245965
-0.529306
-0.390632
-0.145101
0.121825
-0.018392
-0.22544
-0.0166822
-0.305388
0.146211
0.275267
-0.202884
0.568797
-0.266416
-0.075251
-0.164582
-0.07496
-0.0905522
-0.13585
-0.0687158
0.0543577
0.192006
-0.0928285
-0.0655016
-0.0623832
-0.0574959
0.100857
-0.0508069
0.0233548
0.0647341
0.0356217
-0.0790155
-0.171252
-0.24017
-0.115423
-0.111651
0.212755
0.0189515
-0.00648212
-0.0553114
0.346368
-0.0664116
-0.16665
-0.151726
-0.221714
-0.211424
-0.0659385
-0.325319
-0.102478
-0.438084
-0.129708
-0.0816451
0.0597285
-0.348228
-0.0039682
-0.098805
-0.281948
-0.280952
0.0501891
-0.275276
-0.100869
-0.280592
-0.00608523
-0.0382079
-0.0276211
-0.152725
-0.0405704
0.0996548
-0.0578661
-0.110602
-0.174893
-0.0428977
-0.581409
-0.0458361
-0.110911
-0.103715
-0.258165
-0.579446
-0.110375
-0.14931
-0.325697
-0.367977
-0.121138
-0.439107
-0.155711
-0.331708
-0.273175
-0.018174
-0.00593195
-0.128834
0.0134052
-0.0920799
-0.497057
-0.315125
-0.0780547
-0.276905
-0.094005
-0.165838
-0.191545
-0.221637
0.0694293
-0.172821
-0.0487331
-0.0943281
-0.016818
-0.306681
-0.0109768
-0.197631
-0.140715
-0.26803
-0.292987
-0.105708
0.0703753
0.221371
-0.282388
0.0329842
0.0759222
-0.0954453
-0.468843
-0.0483047
-0.184438
0.0347961
0.198707
0.162476
-0.105804
-0.209193
-0.661752
0.143194
0.106886
-0.130036
-0.451546
-0.258626
-0.767783
0.334092
-0.10945
-0.0963475
-0.195718
-0.165991
0.0674869
-0.0372723
-0.298692
-0.00609544
-0.18447
-0.134052
0.057033
-0.0725828
-0.0294344
-0.109925
0.17749
-0.158146
0.134124
-0.151814
-0.102032
-0.20668
-0.624338
-0.0345661
0.422356
-0.176624
-0.318171
-0.230303
-0.286708
-0.212018
-0.015425
-0.0823288
0.28809
0.371781
0.260333
0.0248773
0.530954
-0.0808165
-0.373354
-0.0620712
-0.00203416
0.124336
0.32825
0.0551378
0.111362
-0.121571
0.266386
0.197719
-0.244227
-0.0423243
-0.477755
-0.33116
-0.124397
-0.0634207
-0.325854
-0.56553
-0.157304
-0.119618
0.115263
0.717956
-0.0798448
-0.0453811
-0.038296
-0.0347914
-0.0772899
-0.0988503
-0.178453
0.246454
-0.0516547
-0.12476
0.00836814
0.101264
-0.173144
0.265001
0.122464
-0.229695
0.25887
0.283464
-0.359929
-0.198723
-0.176408
-0.037987
-0.0168994
-0.064559
-0.124939
0.0333138
-0.170718
-0.580144
0.0770864
0.0426058
0.0162676
-0.0707434
-0.409789
-0.299522
0.050587
0.113389
-0.464664
0.197322
-0.131442
-0.285186
-0.303571
-0.0639823
-0.0534136
-0.157534
0.27741
-0.552459
-0.390464
-0.347677
0.559269
-0.315905
0.647886
0.316119
-0.341701
0.0780334
-0.0591592
-0.23323
0.343315
-0.161815
0.110281
0.0759868
0.0509539
-0.0329539
-0.104595
0.0199486
-0.0683167
0.110516
-0.0398977
-0.128596
-0.175675
-0.339345
-0.141784
0.113943
0.249323
-0.165653
0.271156
-0.176091
-0.189813
-0.168767
0.0395765
0.176605
-0.213312
0.121885
-0.2045
-0.561588
-0.230642
-0.237529
0.116009
-0.161733
-0.205647
-0.148319
0.00164318
-0.15698
-0.263187
0.00805764
0.30288
-0.119306
-0.113585
0.00111069
-0.0487273
0.0609866
-0.0560134
-0.183251
-0.0178837
-0.124565
-0.0298444
-0.164227
-0.028877
-0.188452
0.108313
-0.393579
0.0411795
-0.358979
-0.0472037
-0.0402946
-0.195059
-0.150567
0.281581
0.485232
-0.366973
-0.39267
0.0120645
-0.117526
0.221301
-0.0798938
0.40752
0.130221
-0.25843
-0.422758
-0.112472
0.201797
0.162316
0.366513
-0.0697263
-0.0870741
-0.120607
-0.0742599
-0.146857
-0.167773
-0.12086
-0.149254
0.0027839
0.0122212
0.00195892
-0.195926
-0.0431059
-0.0273698
-0.161757
-0.166982
-0.118499
0.00767327
0.160059
-0.13704
-0.334441
-0.104651
0.280218
-0.688413
-0.555528
-0.172282
-0.196511
-0.0959751
-0.0163349
-0.136838
-0.191706
-0.03505
0.227078
0.12386
-0.0724397
-0.074346
-0.270918
0.0491019
-0.0951809
0.039064
0.0383
-0.0616686
-0.0140837
0.384751
-0.501336
-0.0500314
-0.248676
-0.22791
-0.20217
-0.0487234
-0.242456
0.000457888
0.121268
0.0591254
0.190455
0.234083
-0.225866
-0.0883703
-0.0642764
-0.221424
-0.0981986
-0.0239822
-0.374723
-0.0964115
-0.23321
-0.311532
-0.20854
-0.0130392
0.327617
-0.0212522
-0.191571
-0.021345
-0.0920303
0.386348
-0.0940899
0.388897
0.103276
-0.0247711
-0.0505052
0.280425
0.0022561
-0.207098
-0.0522024
0.234083
0.28037
-0.387599
0.198368
0.149514
0.825633
-0.202804
-0.0877185
-0.0433538
-0.0363327
0.192281
-0.148046
0.199711
0.270481
-0.0641365
-0.244961
0.00833991
-0.32756
0.143145
0.443845
-0.0574709
-0.116056
-0.244513
0.0367093
0.117822
-0.219507
-0.17027
0.231609
-0.403309
-0.0718033
0.0948939
0.0383557
0.330536
-0.254649
-0.162551
-0.345022
0.0562038
0.118299
0.197806
0.195662
-0.0181957
0.052388
-0.247962
-0.311421
-0.222974
-0.208211
-0.145987
-0.0976056
-0.0801226
-0.117466
0.168561
0.0820222
0.506246
-0.626595
0.0904539
0.221423
-0.119995
-0.361896
-0.193535
-0.247215
-0.0374181
-0.10899
-0.243359
0.136116
-0.0208423
-0.113474
-0.0103481
0.0142404
0.102213
-0.0277961
0.368949
0.00210568
-0.358505
-0.214502
-0.103951
-0.0802183
0.0169889
0.214287
0.127928
-0.121749
-0.229862
-0.70757
-0.542438
-0.674745
-0.554304
-0.298602
-0.114659
-0.258774
-0.28085
0.179278
-0.0545168
-0.0586743
0.0208579
0.0250514
-0.254767
-0.257736
-0.0882609
0.264346
-0.0812154
-0.19442
0.570899
0.442747
0.282449
-0.146088
-0.169247
0.249505
-0.0529361
-0.226386
-0.029831
-0.362236
0.0657029
-0.0343239
0.0372055
-0.0721329
-0.0941066
-0.173549
-0.0590615
-0.112635
-0.106095
-0.0302679
-0.00835938
-0.0274508
-0.0123451
-0.0505478
0.0388686
-0.0631316
0.193188
-0.0389992
-0.0420971
-0.334358
-0.152736
-0.0458695
-0.0517747
-0.0143714
0.114398
-0.0761856
0.435751
0.228456
-0.0118821
-0.0123212
0.0203932
-0.178594
-0.0828126
-0.144552
-0.0726504
-0.103526
0.373384
-0.519956
0.386748
-0.314359
-0.177899
-0.344658
-0.242402
0.157383
0.246741
-0.0254542
-0.0271737
-0.184711
-0.0179501
0.294086
0.179484
-0.124939
-0.192797
-0.061649
-0.11961
0.0655409
-0.144574
-0.076923
-0.475264
-0.321602
-0.0201049
0.0447097
0.00233283
0.02768
-0.679014
-0.511845
0.110718
-0.252171
-0.0907102
-0.0710471
-0.182931
-0.710482
-0.125267
-0.154332
-0.649277
-0.748851
0.161482
-0.496656
0.0352324
-0.13511
0.14646
0.139444
0.184579
-0.0633321
-0.019604
0.352754
0.171966
-0.112454
-0.0504935
-0.0553097
-0.0935207
0.0642435
-0.232786
-0.149046
-0.204505
-0.1609
0.0873521
0.00557281
-0.0786283
-0.0263905
0.233956
-0.0658321
0.164038
-0.398542
-0.180175
-0.179344
-0.240752
-0.195259
-0.301719
-0.443956
0.118542
0.00954534
-0.537377
-0.234197
0.0670192
0.45953
1.15887
0.0289169
0.151672
-0.0480355
-0.278453
-0.275613
-0.0677121
-0.432776
-0.193659
-0.266739
-0.298563
0.21354
-0.0824476
-0.140451
-0.0760342
-0.0595857
0.0628993
0.393463
-0.374162
-0.133349
-0.0836993
-0.0661874
0.162416
0.25626
1.09212
-0.0510781
0.211978
-0.211688
-0.131587
-0.0892297
-0.187895
0.0249035
-0.0288243
-0.107489
-0.931402
-0.209328
0.08167
-0.392974
-0.557791
0.00711971
0.129318
-0.0447222
-0.11336
-0.00331382
0.0416003
0.0448792
0.107531
0.0915282
-0.144026
-0.113662
0.188909
-0.104412
-0.13118
-0.0350113
-0.113975
-0.55756
-0.0776541
0.0751908
0.188786
-0.0533912
0.206459
0.15605
0.0892648
-0.241679
-0.04288
0.0350814
-0.050583
0.341733
-0.0397671
0.1463
0.106956
0.129223
-0.137149
-0.186201
0.24877
-0.0871888
0.159287
0.270289
0.243616
0.0258538
-0.215036
-0.236808
-0.0774122
0.0146132
-0.0478606
-0.142167
-0.20383
-0.196158
-0.0593704
-0.0343893
-0.0728292
0.109155
-0.29797
0.0703265
0.0250774
0.0178781
0.271038
0.318289
0.0571408
-0.127707
-0.352769
-0.217532
0.0518266
0.105765
-0.269297
-0.059347
-0.0378792
0.0145683
0.108339
-0.0697971
-0.11884
-0.223049
-0.00716871
-0.104601
0.0633805
-0.0665872
-0.114473
-0.0738206
-0.142562
-0.281147
0.246243
-0.211601
-0.385905
-0.402156
-0.578454
-0.0576718
0.0176232
-0.0371966
-0.112809
-0.158499
-0.2775
-0.222533
-0.33501
-0.614437
0.0713947
-0.392685
-0.435917
-0.106099
-0.037664
-0.0853691
-0.338952
-0.107375
-0.10566
-0.118403
-0.0415771
-0.168057
-0.0166974
-0.392244
-0.127159
-0.430539
0.0812991
-0.106104
0.0698102
-0.161393
0.702144
-0.102574
0.26659
-0.117202
-0.227559
0.225266
-0.129117
-0.241246
0.415979
0.424199
1.33285
0.284412
0.168924
0.370135
0.0888951
-0.361944
0.162842
0.129743
0.184031
-0.0483047
-0.768654
-0.0738503
-0.0246293
-0.0334049
0.11861
-0.20265
-0.206276
0.00957097
0.00736324
0.0175156
-0.0527866
-0.354093
-0.315617
-0.115179
-0.0215179
-0.247586
0.288698
-0.0944059
-0.281298
-0.0995944
0.0249951
0.142061
0.045323
0.208555
0.0759922
0.168875
-0.0566702
0.0546474
-0.0554132
0.130036
-0.0886023
0.0234283
-0.0788413
0.170285
-0.0647721
-0.0744104
-0.11675
-0.158045
-0.276371
0.0204091
-0.126506
-0.16672
-0.28342
-0.114636
-0.13219
-0.195424
0.206746
0.0742053
-0.171022
-0.0579287
0.030887
0.0363109
0.120078
0.0586043
0.0293306
0.188201
0.0133128
0.0966976
0.0645138
-0.0619947
-0.00409439
-0.108962
-0.163353
0.28058
-0.0570594
0.109067
0.00648644
-0.540922
0.229272
0.278599
0.239151
-0.107961
-0.076631
-0.0963624
-0.1899
-0.0500875
-0.00695246
0.518572
0.442775
-0.235732
-0.248471
-0.223306
-0.077166
-0.0423265
-0.0655425
-0.0412179
-0.158615
0.0929416
-0.0486199
-0.532192
-0.205657
-0.0108362
0.189947
-0.210799
-0.194365
-0.264264
0.0244246
-0.0528848
-0.16288
0.0365996
-0.105387
-0.180033
-0.140437
0.00710809
-0.246499
-0.122893
-0.100861
-0.144274
-0.223744
-0.130532
0.384298
0.023088
-0.216258
-0.139378
-0.321453
-0.242893
-0.348491
-0.138612
-0.136123
-0.334164
0.0178061
0.018174
0.0551925
-0.0341797
0.011281
-0.0397945
-0.0786248
-0.0774647
-0.333911
-0.261162
-0.134354
0.146159
-0.054182
-0.129634
-0.0123327
-0.312251
0.516142
-0.1752
0.0311217
-0.189078
-0.0805277
-0.0656898
-0.280064
0.0340798
-0.406874
-0.420373
-0.522811
-0.536729
-0.0909078
-0.0354066
-0.105813
-0.00386666
-0.0172493
0.396966
0.541649
-0.29873
-0.0340232
-0.083791
0.589453
1.04229
-0.168011
-0.0627165
-0.279153
-0.275223
0.0183755
-0.367931
-0.199383
-0.109471
-0.0677613
0.201349
0.156019
-0.0500111
0.232528
-0.146694
-0.137453
-0.0300904
-0.125922
-0.10841
-0.0131429
-0.0370211
0.0670701
0.186991
-0.54584
0.149744
0.00152114
-0.130527
-0.0484751
-0.0351328
-0.153935
-0.015529
0.0484024
-0.189187
-0.28378
-0.16603
-0.16329
-0.359145
-0.406767
-0.192364
0.10332
-0.178715
-0.0079956
-0.0601017
0.112478
0.0494257
0.020747
0.0746337
-0.0833658
-0.12992
0.0644206
0.100384
0.416616
0.249814
0.195095
0.187692
0.2213
0.105259
-0.26055
-0.0864176
-0.0494416
0.0198618
0.0869557
-0.0993008
-0.143562
-0.190057
-0.0560205
0.00677156
-0.582551
0.134212
0.0768514
-0.187287
-0.224338
-0.0719649
-0.161314
-0.138634
-0.0340678
-0.289681
-0.203882
-0.221202
-0.125201
-0.0500359
-0.0642337
-0.24534
-0.0633633
-0.0831735
-0.135836
-0.116414
-0.0575823
-0.126323
-0.144737
-0.00872291
0.0475799
-0.175511
-0.262082
0.00629421
-0.447664
0.148787
0.25212
-0.0433679
0.110984
-0.0477294
0.216578
-0.166136
-0.3663
0.20122
-0.453286
0.0116667
-0.00993344
-0.153042
-0.201917
-0.135207
0.0729691
0.276431
0.449953
0.0145075
0.116455
-0.260547
-0.0447615
-0.118507
-0.0287743
0.181091
0.0499395
0.167467
0.0486456
-0.0887432
-0.342082
-0.150435
0.116314
-0.154637
-0.492836
-0.00746656
0.101301
0.111737
0.0156733
0.247752
-0.16985
-0.219687
-0.497538
-0.314859
-0.135349
-0.036402
-0.140065
0.3029
0.273207
0.183788
-0.142499
-0.26982
-0.511166
0.106715
-0.16606
-0.00609851
-0.331305
-0.107304
-0.136651
-0.0781168
-0.0917704
-0.260867
-0.0850586
-0.224065
-0.0356901
0.0583759
-0.0394231
-0.0980026
0.0137883
0.0109441
-0.0675903
-0.100764
0.353891
-0.00433865
0.222844
-0.0868108
0.0392533
-0.0892044
-0.0330601
-0.164677
-0.0311784
-0.120485
-0.133775
0.12618
-0.0443982
-0.222896
0.110173
-0.115355
-0.279258
-0.0717639
0.557924
0.362288
0.169178
-0.13328
-0.116026
0.123025
-0.0366289
-0.188254
-0.15279
-0.218233
0.26399
0.0934038
0.182775
