0.0829355
0.259828
0.0274183
0.055037
0.106431
0.0757105
0.0848458
0.100378
0.00807263
-0.0733401
-0.0282432
-0.130913
-0.0204996
-0.030896
-0.00105541
0.0243198
0.0811701
0.135501
0.194658
0.0443143
0.121819
0.0237899
0.0612697
0.0446879
0.0191211
0.0910145
0.0180832
-0.0426421
0.00722517
-0.0303075
-0.143955
-0.0432354
-0.0687291
0.0127139
-0.14202
-0.0590128
-0.0336282
-0.0292374
0.0942473
0.0791137
0.10214
0.0607519
0.0279338
0.0592176
0.10436
0.0687669
0.0941216
0.0335771
0.06627
0.0145245
-0.0323707
-0.0614143
-0.00649058
0.00143255
-0.0369192
-0.0457575
-0.0010147
-0.005014
-0.0204334
-0.0232525
-0.087557
-0.0551766
0.0736689
0.0275169
0.0386549
0.0519232
0.162178
-0.0846261
0.000132464
-0.0439489
0.098305
-0.131041
-0.0386956
-0.0625084
0.0387328
0.0449645
0.025265
0.0490423
0.101027
0.0233548
0.081401
0.100103
-0.00148477
0.0441753
0.0207671
0.0435427
-0.00536476
-0.0743929
0.00529636
-0.0434657
-0.0206424
-0.049843
-0.108907
0.0167489
0.0828735
-0.0380507
-0.0782278
-0.0387252
0.172197
0.0627719
0.178733
0.0474019
0.0950145
0.12272
0.148597
0.0769292
0.102785
0.126921
0.105143
0.0113715
0.0200163
0.0183879
-0.0761442
-0.0481204
-0.00171995
-0.0746048
0.00608628
0.0171636
0.0299951
-0.00742406
-0.0222052
-0.0114565
0.166298
0.0697676
0.0242575
0.0439855
0.0105759
0.101731
0.12101
0.0639865
0.0636838
0.0543032
0.107337
0.0852591
0.0136454
0.0710429
-0.0603316
0.0590596
-0.0197441
-0.0393563
0.00848813
-0.0598668
0.0167444
0.0455208
-0.03635
0.0300891
0.105814
0.0387092
0.161968
0.0910804
0.0475201
-0.003371
0.10083
0.0453874
0.0488819
0.046377
0.0971662
0.0991137
-0.0296838
-0.0247491
-0.0558247
-0.00079981
-0.0665239
-0.0088249
-0.0441084
0.0400916
0.0114569
-0.0391462
-0.0284265
-0.0428697
0.0752989
0.156371
0.0107627
0.0452519
0.105044
0.0684348
0.0470849
0.00863437
0.0254535
0.196145
0.081305
0.0585067
0.000908113
-0.0595346
-0.0155492
-0.0161685
-0.0618987
0.011756
0.048021
-0.0384321
-0.0601872
-0.0216957
-0.0971874
-0.0781135
-0.0280287
-0.0313494
-0.105195
0.104476
-0.00822034
0.0753464
-0.0154727
0.0589233
0.108492
0.0854382
0.0365938
0.110554
0.080687
0.0923092
0.0560345
0.0209256
0.00315658
-0.012152
-0.0434441
-0.0265134
-0.0105384
0.0460178
0.0479096
-0.0542044
-0.0923143
0.0415473
0.165334
0.108131
0.008643
0.0330253
-0.102819
0.0388517
0.134279
0.0417597
-0.120163
-0.00253728
-0.0922231
0.0428824
0.0626767
0.0558243
-0.0770443
-0.0144499
0.0170397
-0.0938439
0.0150872
-0.0634946
-0.0211796
-0.0271475
0.0306688
0.027209
0.0401172
-0.0105633
0.0496878
0.0922404
-0.0555173
0.160921
0.0516601
0.0261619
0.0631316
0.0514748
-0.0784266
-0.00150469
0.0315352
-0.00479634
0.021964
0.00420864
0.00882191
-0.0212848
-0.0156213
0.101831
-0.202253
-0.0173907
0.0370443
0.0547999
-0.0619144
0.066688
-0.0710634
-0.0600833
-0.0426644
0.0300836
-0.134905
0.0703738
0.0996329
0.0966004
0.0260251
-0.0490676
0.0293945
0.0159736
-0.0144862
0.00289726
-0.0602092
0.00367184
-0.00279652
0.0689873
-0.0890895
0.0335556
-0.0285994
0.0156574
-0.0694718
0.0740471
0.0204713
0.0820719
0.0851082
-0.000386909
-0.0175143
0.0745863
0.0244738
0.0630313
0.0028809
-0.0396884
-0.00464493
0.00231131
0.0189799
-0.024389
0.0558313
-0.0130428
0.0672139
-0.043902
-0.0875956
-0.0408907
0.0259357
0.0972567
-0.0565877
-0.00418936
0.00214468
0.0522479
-0.0759158
0.0676275
0.00643416
0.00844
-0.0124686
-0.00861501
-0.0812868
0.0570694
0.012388
-0.00404268
-0.0879225
-0.0368373
0.0100669
-0.0168302
-0.0554171
0.0246112
-0.00801092
-0.017131
0.0858538
0.14004
0.202244
0.0340755
0.0137012
0.109298
0.011644
0.0149385
-0.071882
0.0855637
-0.0449215
0.0532766
-0.0520652
-0.058043
-0.0234016
-0.0154226
-0.0457981
-0.0288036
-0.0318184
-0.10516
-0.0832364
-0.0537808
-0.1444
0.0186749
-0.00240607
0.0231971
-0.05061
0.0372168
0.00459578
0.019088
0.00496343
0.076865
-0.0472525
0.100101
-0.00782533
-0.0268147
-0.0917449
0.00103348
-0.0109903
-0.0514529
-0.0744313
-0.0191465
-0.0616905
-0.0859843
-0.030266
-0.0967483
-0.133814
0.056544
0.0045716
-0.000570306
-0.114573
0.0551857
-0.134856
0.0453417
-0.0240594
0.351093
0.0115819
0.0316433
0.0928511
0.0352133
-0.0158635
-0.13135
-0.0312089
-0.0862816
-0.0508196
-0.0743527
-0.0370974
-0.0665083
-0.121734
0.048252
0.0360566
0.0156126
0.130113
-0.0617266
0.00485245
0.0195278
-0.105104
0.0438878
-0.0112227
-0.0376091
-0.122762
0.00181485
-0.115489
0.0404696
-0.0720201
0.0142293
-0.019174
-0.0654888
-0.0806648
-0.00318029
-0.0080946
-0.0929257
-0.037918
-0.0614963
-0.0967563
-0.0393253
0.0280287
-0.0125793
-0.0373243
-0.017168
0.0611052
0.0829114
-0.172814
0.104038
0.0511859
0.0380664
-0.00320812
0.0431843
-0.0571065
-0.0171798
-0.0303024
-0.0405213
-0.0012165
-0.0464656
-0.0441806
-0.0611469
-0.145065
-0.0180606
-0.111575
0.0431683
0.220311
-0.0053728
-0.0106096
0.0675025
0.00313289
0.0518015
0.0946666
-0.0494854
-0.00193574
0.0353332
-0.0439289
-0.025662
-0.120023
-0.0853063
-0.0886193
-0.0623441
-0.0549576
-0.02913
-0.0449821
-0.0481178
-0.0993017
-0.0285823
-0.101856
-0.0703122
-0.00413618
0.0339392
0.0604938
0.0385214
-0.000255544
0.0726185
0.0142521
0.020181
0.0540384
0.0289927
0.0508049
0.0565544
-0.0930234
-0.077502
-0.031989
-0.0920959
-0.00198158
-0.00658592
-0.0317262
-0.0759085
0.0315416
-0.033207
-0.102425
-0.035923
0.067485
0.0719465
0.0157106
0.0612503
0.04083
0.0558412
0.10009
0.105301
-0.0084829
0.0260134
0.108461
0.160886
-0.145207
-0.0781054
-0.0344915
-0.018198
-0.0445139
-0.0110644
0.0172876
-0.0202892
-0.0797017
-0.0663017
-0.00678599
-0.0302808
-0.0648579
-0.0422297
0.0923057
0.0997135
0.0676746
-0.0488723
0.0112638
0.0486251
0.0724632
0.0417372
-0.0295979
0.0108129
-0.101889
-0.0766618
-0.0509587
-0.00967955
-0.158326
0.0163598
-0.0291308
-0.120518
0.00532883
-0.0475822
-0.0186822
-0.0366462
-0.00850542
-0.0159979
0.111172
0.0365721
0.088822
0.0324555
0.0787114
0.0359929
0.110489
0.092493
0.0490173
-0.0922801
-0.116802
-0.0990468
-0.0275822
-0.0648334
-0.0806895
-0.0317269
-0.0480632
-0.0545235
0.0333008
-0.116859
0.0156589
-0.10897
0.10345
0.0259641
0.0996148
0.0286238
0.0844192
0.103437
0.0392401
0.0690242
0.0321136
0.00477713
0.0889162
-0.00616034
-0.108846
-0.0631666
-0.00832537
-0.09691
-0.117944
0.0120704
-0.0966889
-0.0496878
0.0175886
-0.192221
-0.0973214
-0.135836
0.0482871
0.0534303
0.0517955
0.0484136
0.126896
0.117839
-0.0221216
0.0518794
0.0670701
0.0184153
0.0881361
-0.0286267
-0.0817034
0.0227386
-0.0676251
0.0718002
-0.0126371
-0.0946898
-0.00786582
-0.00663544
-0.0799989
-0.0137147
0.0224889
0.0320834
0.112953
-0.0129878
0.00474641
0.10388
-0.0118856
0.0135728
-0.0182843
0.0354581
0.014985
0.0105931
0.0339288
0.0900885
0.024905
-0.0403107
-0.140999
-0.0781233
-0.074611
-0.0480833
-0.0283424
-0.0681027
0.00461611
-0.0690492
0.0551325
-0.0523923
0.0801717
-0.00643827
0.0523052
0.00372789
0.0405107
0.0851978
-0.0202558
-0.01094
0.0144699
0.0064341
-0.024349
0.103219
-0.0181168
-0.0532626
-0.0777338
-0.0841843
-0.109244
0.072982
-0.0510711
-0.0416695
-0.0647112
0.00838363
0.02167
-0.0212217
-0.0153168
0.00243154
0.0399952
0.178488
0.027798
-0.008156
0.0413452
-0.0256875
0.0550832
0.0156347
0.0360005
0.106087
-0.0328016
-0.0552304
-0.0491149
-0.0920206
-0.0365674
-0.113699
-0.118027
-0.0211123
-0.114808
-0.0661132
-0.0670353
-0.0489832
0.00833518
0.125012
-0.0552432
-0.018764
0.0402232
0.0524154
0.0624385
-0.0146405
0.0354684
0.00607413
0.0586438
0.0152887
-0.0717193
-0.0341331
-0.0351082
-0.0550527
-0.0992099
-0.0207136
0.0895071
-0.0845727
-0.0773213
-0.0624992
-0.0111234
-0.114581
-0.0697429
0.042119
0.0375298
0.0342744
-0.0254117
-0.0141142
-0.227486
-0.0344685
0.00367738
-0.0605911
0.05194
0.00822435
-0.0164579
-0.111729
-0.126788
-0.004184
-0.0842419
-0.0941716
-0.0664908
-0.128715
0.00749388
-0.117771
0.0328524
-0.166253
0.0204411
-0.0214687
0.0515925
0.0879644
0.0102639
0.0636096
-0.0138151
0.09786
0.046652
-0.00344552
0.0376636
0.0120858
0.128492
-0.0636964
-0.0676727
-0.0535193
-0.0446131
-0.0630098
-0.0435617
0.000873859
-0.0343659
0.0372884
-0.0190446
-0.00162962
-0.0025031
-0.0385086
0.00389504
-0.0374958
0.137978
-0.00166317
0.0370393
-0.00748799
0.05451
0.0302884
-0.0241018
0.00184181
-0.126191
-0.0746105
-0.102897
-0.0759061
-0.0869599
-0.0758907
-0.00325318
-0.0807586
-0.0249671
-0.0659262
-0.0909248
-0.112569
0.0685008
-0.0165107
0.0269087
0.066158
-0.0140107
0.0497204
0.033221
-0.0232187
0.0130835
-0.100651
0.000423288
0.0456271
-0.0460302
-0.106759
-0.0795167
-0.0653585
-0.0253507
-0.0826837
-0.00825595
-0.0923753
-0.0177609
-0.0197975
0.0112929
-0.115012
0.00456468
0.0771255
-0.0543107
-0.00278693
0.048614
0.0580058
-0.08047
0.00599907
0.0765423
0.0599009
0.00401991
0.0389606
-0.0484381
-0.125507
-0.100342
-0.0611944
-0.0717803
-0.074147
-0.0550891
-0.100642
-0.0313942
-0.0718532
-0.00131204
-0.0170628
0.0709039
-0.0111922
0.0382044
-0.0526892
0.0148258
0.0438588
-0.0363781
-0.0450784
-0.00573478
-0.00191743
0.0363783
-0.0286452
-0.111751
-0.0765943
-0.128077
-0.0978064
-0.141162
-0.0814917
-0.0580603
-0.0576851
-0.191968
-0.122947
-0.106356
-0.138674
0.00605718
0.0368798
0.109788
0.0221704
0.101054
-0.0118756
-0.00720837
0.0254964
0.050804
0.0442513
0.0227045
-0.0382265
-0.0556748
0.0507783
0.0259279
0.0296379
-0.0735844
-0.0742506
-0.0857922
-0.0720027
-0.130308
-0.0784204
-0.00181334
-0.0841865
-0.0601616
0.0566397
0.0954876
0.0383411
-0.0212521
0.0421808
0.0712285
0.00798806
-0.0289873
-0.00658037
0.0148238
-0.0547251
-0.131183
-0.04473
-0.0346321
-0.0199083
-0.111037
-0.0562772
-0.0704301
-0.0838055
-0.0317918
-0.197517
-0.0050089
-0.148826
0.0450687
0.0737685
0.122271
0.0603082
0.0497283
-0.0419776
0.0592938
-0.0258073
0.0599882
0.00136572
0.0719258
0.0454919
0.0398125
-0.0374996
0.0169779
-0.00852076
-0.0421816
-0.109387
0.0313141
0.0023266
-0.0503322
0.0163443
0.0478023
-0.0937915
0.168037
0.0475021
0.0507096
0.0765455
0.0613199
-0.00734557
0.0378828
-0.0112354
-0.0147137
0.00413223
0.0673817
-0.0558717
-0.0885431
-0.085808
-0.083083
-0.122243
-0.124128
-0.105684
-0.103367
-0.126397
-0.0557678
-0.0247697
-0.192916
-0.0667786
0.0672715
-0.0617219
0.0243339
0.0119716
0.0225981
0.0149208
0.0321151
0.012806
0.0282407
-0.0616505
0.00602139
0.0312106
-0.0709868
-0.0480615
-0.0719483
-0.01973
-0.0259598
-0.194446
-0.0338212
-0.0660119
-0.0907755
-0.12261
-0.0764292
-0.102033
0.0455972
-0.0181306
0.00299357
0.0299924
0.0202517
-0.00910956
0.028972
0.0443457
0.0503839
0.0257459
0.0359062
0.117937
-0.0831971
-0.0758309
-0.10188
-0.0848664
-0.212662
-0.0688203
0.00888314
-0.0583903
-0.0418719
-0.12566
-0.0933812
-0.0758786
-0.0202708
0.0392544
-0.0638742
-0.0755433
0.0106338
0.082133
-0.0495487
0.107641
0.0532852
0.0318064
0.0534077
0.0735369
-0.171156
-0.0625055
-0.0115122
-0.0123755
-0.0345289
-0.0230046
-0.00348982
-0.0377386
-0.137498
-0.116528
-0.0236839
-0.0724751
-0.00356469
-0.0344906
0.019028
-0.0127327
-0.0432799
0.0553539
-0.0547169
0.035612
0.06242
-0.0206071
0.026658
0.0349715
-0.0565461
-0.100097
-0.104926
-0.0968372
-0.113808
-0.0857634
-0.0558675
-0.110124
-0.086536
-0.109374
0.00764814
-0.19541
0.0471603
0.0454305
0.0945319
-0.0324703
0.0161544
0.0413061
0.0100643
-0.149553
0.0874719
-0.0784187
-0.0677959
0.0231032
-0.102968
-0.189206
-0.0481929
-0.11829
-0.0807015
-0.0787553
-0.109375
-0.0899929
0.0494472
-0.164741
0.00187898
-0.0962718
0.0363566
-0.0406758
0.083594
0.0583185
0.023682
-0.00163474
0.0626674
-0.0202034
0.0175719
0.0792286
0.0232623
0.0195196
-0.0567013
-0.161867
-0.107119
-0.117176
-0.0281152
-0.109569
-0.0937206
-0.120641
-0.0833876
-0.038677
-0.0140647
-0.0824025
-0.0918975
-0.0359126
0.0110713
0.0154569
-0.0402342
-0.0304991
0.0436764
0.0187203
0.0790344
0.0402968
0.0425077
0.0663222
-0.105481
-0.0745096
-0.0469966
-0.00822305
-0.058422
-0.154902
-0.0983201
0.0101972
0.0284697
-0.0686469
-0.0590036
-0.0901378
0.0212634
0.016982
0.00943517
0.0308902
-0.0462737
0.0100647
0.00789
0.120709
-0.0423857
-0.0484807
0.0716398
0.0173921
-0.09395
-0.116506
-0.0579328
-0.0711391
-0.124048
-0.0957686
-0.069545
-0.258337
-0.0605572
-0.0649022
-0.0837279
-0.0681204
0.0544855
-0.0199762
-0.0332981
-0.00228911
0.0130492
-0.0193448
-0.00632644
-0.0142002
0.00611441
0.0943439
0.0493845
-0.0399999
-0.0361542
-0.0707101
-0.0939667
-0.0860691
-0.0555795
-0.0675816
-0.10775
-0.0688546
-0.0377469
0.0250688
-0.0411558
-0.101943
0.0725029
-0.00404312
-0.0266126
0.0293671
0.0192027
-0.0860109
-0.0759523
0.0322817
0.00571451
-0.0316651
-0.0407371
-0.0102475
-0.0166765
-0.0770319
-0.0549373
-0.128106
-0.00264468
-0.0101761
-0.024175
-0.150211
-0.087519
-0.0268271
-0.0244208
-0.0209281
0.12384
0.00770704
0.00692215
0.0253465
0.0926622
-0.0276463
0.0266809
0.163638
-0.130381
0.0199444
0.0575563
-0.0532455
-0.19428
-0.0597709
0.0381898
-0.0621829
0.0360804
-0.114811
0.0295966
-0.12309
-0.0190277
-0.104322
-0.0323658
-0.0519148
-0.0157943
-0.122168
-0.0940485
-0.0163904
0.0246225
-0.0989068
-0.0509953
-0.0200955
0.078516
-0.0178597
0.035836
-0.0116631
0.00382644
-0.190166
-0.078409
-0.146825
-0.107835
-0.223413
-0.0644179
-0.0970238
0.00953977
-0.109836
-0.0370581
-0.146401
-0.0230282
-0.0272525
-0.0864046
0.0787036
0.0237725
0.00107568
0.038641
-0.063769
-0.0238029
-0.0200378
0.0780507
0.00855179
-0.105302
-0.0974412
-0.0965272
-0.161924
-0.0922885
-0.0863939
-0.102527
-0.104376
-0.0893276
-0.054033
-0.0712472
-0.11202
-0.0445821
-0.0649949
0.0154344
-0.0328866
0.0297883
0.00432644
0.0503245
0.0443454
0.0641581
0.0281195
0.0533826
0.00452831
-0.0809991
-0.126945
-0.109292
-0.112754
-0.0265602
-0.0303006
-0.138587
-0.0898645
-0.139948
-0.0450963
-0.0823193
-0.139873
-0.0486696
-0.0538029
0.0325073
0.0388419
0.0150897
-0.0493347
0.0400114
-0.0144613
-0.0213725
-0.0684674
-0.0587243
-0.0592326
-0.115809
-0.0978572
-0.087412
-0.133174
-0.0486552
-0.134923
-0.0408531
-0.115613
-0.0652587
-0.0710263
0.0123055
-0.0846725
-0.0200666
-0.0278982
-0.0858098
0.0344176
-0.0147344
-0.0068658
0.0461886
0.00154002
-0.0505679
-0.0249382
0.0547208
-0.0323243
-0.0813484
-0.0600623
-0.0307346
0.0748017
-0.0405504
-0.0832445
-0.0666945
-0.103676
0.00753037
-0.115219
-0.148539
-0.0835107
0.0083521
-0.031775
0.047793
-0.0262101
0.0118992
0.0183592
-0.0619881
0.0548141
0.00484835
0.0249312
-0.0331997
-0.0534078
-0.17902
-0.00115813
-0.0106546
-0.0844793
-0.147009
-0.0734289
-0.00952071
-0.0514922
-0.150714
-0.133211
-0.0358888
-0.0727416
0.0520216
-0.0422334
0.0850807
0.0261448
0.149098
0.0260655
0.0229294
0.0642482
0.00550743
-0.00957652
0.0299307
-0.0183259
-0.0601872
-0.0116497
-0.0203426
-0.0375396
-0.00597662
-0.0648426
-0.0547388
-0.099272
-0.0863109
-0.126187
-0.0537808
-0.135451
0.00334506
-0.00343998
0.0273544
0.0292523
0.0504193
0.00149245
-0.00483448
-0.0505564
-0.0339047
-0.055925
0.0130695
-0.016007
-0.0171595
-0.126666
0.0128372
0.0171309
0.011382
-0.0966912
-0.0852839
-0.0632878
-0.109046
-0.0768289
-0.0804255
-0.147911
-0.10795
-0.0374918
-0.0268621
0.0574321
0.0290801
0.0486464
0.0828137
-0.0359012
0.0720396
-0.0072011
0.016568
-0.0115819
-0.14717
-0.0892906
-0.0292564
-0.0601786
-0.0283056
-0.0877838
-0.144943
-0.0953953
-0.0264358
-0.0755866
-0.122623
-0.0970375
0.0120645
-0.0432018
0.0796767
-0.0121923
0.100153
-0.0191938
0.0474154
-0.00814495
0.0206587
-0.0350485
0.0568354
-0.00487979
-0.0336706
0.02551
-0.0601816
-0.0865154
-0.0574932
-0.0584605
-0.0944613
-0.0590615
-0.0831317
0.00630171
-0.102469
-0.0704887
0.0667881
0.0643859
-0.00111995
0.0418493
0.0135685
-0.00534458
0.061474
-0.00313096
0.0587689
0.0358154
0.0146747
-0.0265474
0.0110698
-0.0602704
-0.131382
-0.0631215
-0.0752269
-0.0673233
-0.127239
-0.112605
-0.0305232
-0.0440431
-0.0236013
-0.0419159
0.0482533
0.0554735
0.0598387
-0.033574
0.0459926
0.038712
-0.088676
0.00698472
0.175033
-0.0245138
0.0595599
-0.0913301
-0.0144368
-0.201939
-0.121806
-0.130106
-0.0636789
-0.0438777
-0.0836486
-0.105109
-0.0517553
-0.0886964
-0.086653
-0.090953
-0.118505
-0.0669468
-0.023945
-0.0712941
0.0137952
-0.00331948
-0.0584212
-0.000310665
0.0116708
0.00886351
-0.000193282
-0.081686
-0.0353371
-0.0658473
-0.123549
-0.0686573
-0.0853453
-0.114466
-0.0575893
-0.043823
-0.025617
-0.122644
-0.0935329
-0.113846
0.0168376
0.0201507
0.0437957
-0.114211
0.0949673
0.00475337
0.0329296
-0.0326031
0.0677263
-0.140656
0.0412284
-0.0430148
-0.0177184
-0.10372
-0.0428567
-0.0920575
-0.0868132
-0.0488378
-0.110991
-0.0888797
-0.0305621
-0.0851019
-0.0284063
-0.122216
0.0550934
-0.0328812
0.0219505
-0.00806219
-0.0474912
0.0153167
0.0735226
-0.0455098
-0.0111979
-0.111878
0.0459204
-0.141454
0.092754
0.0233845
-0.0877697
-0.141823
-0.032677
-0.148132
-0.0740856
-0.0759605
-0.0720695
-0.11937
-0.0532813
-0.0555333
-0.0113178
-0.0125722
0.0121786
0.0486539
0.0154949
-0.0271266
0.0996567
-0.0573985
0.0659247
-0.0744548
0.0404421
-0.0252413
-0.0120754
-0.0975345
-0.0581574
-0.0149676
-0.0362842
-0.0287395
-0.118165
-0.0401467
-0.0756559
-0.00922975
-0.139945
-0.0509734
0.0590984
-0.0658696
0.00766076
-0.0180663
0.04339
0.0575129
0.0180349
0.00659282
0.0954696
-0.0127868
0.0259357
0.0264923
-0.187029
-0.090102
-0.00550363
-0.059244
-0.142154
-0.0834428
-0.110509
-0.0338052
-0.0280746
-0.0245484
-0.0494228
0.0168288
0.0157228
-0.0287779
0.11648
0.0823477
0.0938488
0.10131
0.0403588
0.124459
0.0621668
0.108669
0.0165465
0.0583129
-0.0209584
-0.0753548
-0.0591467
-0.0302063
-0.00587978
-0.0806104
0.0222711
-0.0420692
-0.0961889
-0.113169
-0.107934
0.000979249
0.0976418
0.0473534
-0.0170334
-0.0140438
0.0774268
0.0263289
0.0867397
-0.00814062
0.0456754
0.103561
0.0107708
0.0161616
-0.0823553
-0.0430347
-0.133461
0.0512775
-0.00127471
-0.0287978
-0.0219166
-0.0427689
-0.041817
-0.0739586
-0.00153576
-0.0613745
0.0593477
0.116887
0.00338303
-4.91602e-05
0.0743824
-0.0411534
0.0435585
0.055534
0.152278
0.0546669
0.133134
-0.00418602
-0.0546809
-0.0667257
-0.121422
-0.023024
-0.0136498
0.0172538
-0.0382441
-0.0917568
-0.0572848
-0.152417
-0.0497573
-0.0570937
-0.009579
0.0246329
0.0138709
0.0660902
0.058778
0.00272473
0.038253
-0.00321581
0.0323489
0.00878498
0.00241501
0.013264
-0.0324031
-0.0411035
0.0468179
0.0441675
0.00538058
-0.0863731
-0.106543
-0.131388
-0.0877349
-0.139687
0.0458158
-0.0845283
0.00464485
0.0548292
0.0328194
0.00295053
-0.0491649
-0.00142004
0.0841079
-0.0129244
-0.0295365
0.0574089
0.0814413
0
0.0133054
-0.0839123
-0.0603031
-0.0665424
-0.00173094
-0.166678
-0.0656906
-0.125913
0.119632
-0.120949
-0.0358991
-0.14646
-0.0288158
-0.0507811
-0.0171139
0.0645148
0.0410124
0.0146288
0.0691912
-0.00529995
0.0853259
0.0366758
0.05107
0.0480705
-0.0702264
-0.0393097
-0.11859
-0.0545255
-0.0303283
-0.0753453
-0.0920415
-0.110615
-0.0869002
-0.0894749
-0.0424038
-0.0729196
0.066971
0.0140479
0.0784057
-0.012067
0.0591149
-0.0184075
0.12776
-0.00319101
0.0602616
0.0512561
0.0383035
0.0212325
0.00370875
-0.055734
-0.0594476
-0.0281325
-0.0252464
-0.108621
-0.0224
-0.0107649
-0.0914471
-0.0591274
-0.0813631
-0.104566
-0.0292581
-0.0219122
-0.0596094
0.0575437
-0.0500039
-0.115955
0.065731
-0.0245841
0.0197863
0.0633676
0.0488921
0.0131558
-0.101632
-0.0846083
-0.0159327
-0.093281
-0.0579487
-0.0776691
-0.0672419
-0.0667563
-0.0938231
-0.132024
-0.0781064
-0.101483
0.128184
-0.0447463
-0.00605294
-0.0322363
0.03502
-0.00454761
0.0211807
-0.0223625
-0.0123868
-0.0179811
-0.0296027
-0.0829296
-0.139509
-0.0907246
-0.0971519
-0.102638
-0.0318006
-0.0986553
-0.128114
-0.071739
-0.101537
-0.102107
-0.0485534
0.0109137
0.0994616
0.015787
-0.0712913
0.0485143
0.110508
0.02088
0.0221369
0.0491215
-0.00383013
-0.0561746
-0.00709332
-0.0129131
-0.0437142
-0.0432917
-0.00664747
-0.0501446
-0.0463069
-0.0590999
-0.00962669
-0.12565
-0.0403746
-0.0868136
-0.0962796
-0.0816441
0.0574914
0.0034648
0.00957902
-0.00393027
0.0793433
0.0133711
0.0309734
0.0562733
0.0473914
-0.0250433
0.0152324
-0.139179
-0.0334599
-0.145834
0.00290003
-0.166443
-0.00610211
-0.0921058
-0.00491846
-0.18659
-0.0190345
-0.11848
-0.0822526
0.000775886
0.0395253
-0.0740666
-0.0453589
0.0170228
-0.0247786
-0.160385
0.0775749
-0.0496434
-0.0875943
0.0132367
-0.0880297
-0.0973119
-0.0473339
-0.0789049
-0.0815397
-0.139809
-0.0425183
-0.14589
-0.0692985
-0.23516
0.012355
-0.212814
0.0134026
-0.109774
-0.0188036
-0.109334
0.0229232
-0.011719
-0.102014
-0.0405984
0.0148163
-0.0342306
0.0325932
-0.0299129
-0.0350883
-0.0156243
0.0223798
-0.145344
-0.0998084
-0.102465
-0.0337784
-0.128154
-0.0578671
-0.0699928
-0.0422088
-0.0552267
-0.0345729
-0.11996
0.0813795
-0.0115126
-0.00778216
0.0445872
-0.0358709
0.0148316
0.00105858
-0.0885579
-0.042137
-0.036759
0.0973117
-0.0106813
-0.106033
-0.0757398
-0.0412954
-0.0198057
-0.0642079
-0.0921852
-0.068968
-0.0655675
-0.152468
-0.0977781
-0.166603
-0.00699179
0.00176184
-0.0961916
-0.064458
0.0467536
-0.0169618
0.0434372
-0.0090887
0.0477203
0.00653509
0.00443618
0.0069193
-0.0205379
-0.0619144
-0.142301
-0.04499
-0.134206
-0.0287638
-0.092737
-0.160654
-0.0911236
-0.0730209
-0.0642089
-0.00623612
-0.0334566
-0.0762663
-0.106583
-0.0173607
-0.0221171
-0.0222308
-0.142273
-0.0217828
0.0788869
-0.0773829
0.00138971
0.0130516
0.0188773
-0.140225
-0.0564814
-0.0596603
-0.127188
-0.0771616
-0.146952
-0.0599979
-0.0408362
0.0355256
-0.131435
-0.0525659
-0.10947
-0.00829727
-0.0595857
-0.0441415
-0.0797685
-0.036624
-0.0140659
-0.0107722
-0.0522375
0.266419
-0.104912
0.00582584
-0.00484707
-0.0246669
-0.109721
-0.116928
-0.0558515
-0.166599
-0.0991706
-0.0112337
-0.0928956
0.0343495
-0.0655015
0.0314976
-0.0564875
0.00683945
0.0567862
0.0152647
-0.0309916
-0.0187494
-0.00594447
0.00734257
0.0512939
0.0663719
-0.0818538
-0.012712
0.0300995
-0.0533159
-0.0698384
-0.0722875
-0.105775
-0.0297533
-0.109762
-0.00990695
-0.0194694
-0.0684081
-0.0562995
-0.0395998
-0.105954
-0.112255
-0.102501
0.0249253
0.0407224
0.0113795
-0.0519
-0.0438636
0.00416818
-0.0282108
0.00850498
0.0256801
-0.0334424
-0.094504
0.0426683
-0.11717
-0.137476
-0.0881825
-0.177499
-0.0276618
-0.00201029
0.00116228
-0.0238349
-0.0697605
-0.128564
-0.0154931
-0.0476416
-0.0909586
-0.0744934
0.0417738
0.0402271
-0.0602842
-0.00766598
-0.00955699
-0.00635215
0.032867
-0.00687327
-0.0696667
-0.140302
-0.112916
-0.0873212
-0.0993329
-0.0743548
-0.11858
-0.087944
0.235456
-0.0975838
-0.0693662
-0.096195
0.029455
-0.0977525
0.0630864
0.02412
0.0231544
0.137018
-0.0224608
0.0551642
-0.00710947
-0.0450147
0.000959361
-0.045868
-0.214258
0.00835794
-0.100019
-0.00153599
-0.156823
-0.156746
-0.201939
-0.107549
-0.0862076
-0.0151842
-0.168
-0.11984
0.0714972
-0.0780018
0.0528742
0.0327866
-0.0920092
0.000200932
-0.00989599
0.0278891
-0.00989096
0.0016749
0.063555
0.0390768
0.00274007
-0.0154972
-0.0883465
-0.091602
-0.115707
-0.0817869
-0.0343508
-0.0664198
-0.108827
-0.0579725
-0.0555462
-0.0879695
-0.0341582
-0.0764068
-0.0230268
0.00881689
0.00749805
-0.027416
-0.0558717
0.0192333
-0.0413927
-0.0090678
-0.0240733
-0.0206846
-0.0904949
-0.0296839
-0.152263
-0.0817195
-0.0964689
-0.103297
-0.0227431
-0.106404
-0.0960317
-0.0757663
-0.111665
-0.172467
0.0415517
-0.0879033
0.0446441
-0.156035
0.0628034
0.0753458
-0.00820738
-0.0106222
0.0170137
0.00760185
-0.100827
-0.0357512
-0.0842692
-0.116719
0.00950356
-0.149298
-0.117665
-0.0696408
-0.119055
-0.112716
-0.0397951
-0.178233
-0.153843
-0.0661242
-0.00846126
0.0365245
0.00300735
-0.0115819
0.0302576
-0.136338
-0.0249628
-0.163071
-0.0877262
0.0252268
0.0158524
0.0412775
-0.0823398
-0.0317102
-0.0469932
-0.0532341
-0.0815037
-0.0525591
0.0402004
-0.086042
-0.023499
-0.146173
0.0648646
-0.127319
0.0535738
0.0106631
-0.00568642
-0.0898251
-0.000889498
-0.0770531
-0.0809648
-0.0172361
0.0408472
-0.00188961
0.00436478
-0.0947148
-0.191017
-0.157255
-0.0802458
-0.0889231
-0.0853227
-0.139849
-0.0858098
-0.108247
-0.0868332
-0.122643
-0.0139657
-0.140888
-0.0427089
-0.0253917
-0.0418569
0.0209059
-0.0116629
-0.0980081
-0.009565
-0.0339152
-0.0109627
0.0371101
0.00882486
-0.0630222
-0.147446
-0.0500789
-0.0565785
-0.0554154
-0.121597
-0.157929
-0.0431155
-0.111778
-0.120605
-0.112198
-0.0554952
-0.0868238
0.0243348
-0.0172876
0.00931276
-0.115121
0.0398792
0.0123655
0.0820175
-0.00472919
0.00860793
0
0.0589102
-0.0662068
-0.072257
-0.0468348
-0.119253
-0.112181
-0.140652
-0.122487
-0.200973
-0.116583
-0.142789
-0.108875
-0.0680467
-0.145298
0.0523485
0.0184173
0.0169801
-0.00187326
-0.0260134
0.0161127
0.140264
-0.024467
0.0290688
-0.00793536
0.117415
-0.0574311
-0.135105
0.123889
-0.0744357
-0.0601872
-0.102683
-0.0359157
-0.0749794
-0.0494487
-0.0736175
-0.0984388
-0.0864758
-0.0893654
0.0546512
0.0986846
-0.022176
0.046087
0.0293927
-0.0060059
0.0466964
0.0652463
0.136087
-0.0368327
0.0290207
-0.0196677
-0.0740525
-0.0279391
-0.0552153
-0.0908964
-0.105062
-0.0376676
-0.0565978
-0.00649662
-0.0820316
-0.0595812
0.0160951
-0.0451475
0.0375237
-0.0555527
0.0495727
-0.055261
0.00119532
0.0481828
0.0298931
-0.00323732
0.0172763
-0.0152532
-0.00237971
-0.0886525
-0.0376656
-0.0909126
-0.00301229
-0.131251
0.332919
-0.114006
-0.135247
-0.10033
-0.108937
-0.150037
-0.0468675
-0.0991778
0.01524
0.0582478
0
0.0300839
0.00521462
-0.0680233
-0.0361681
-0.0339339
-0.010114
-0.0212878
-0.00997875
-0.0793582
-0.0679869
-0.0587711
-0.0615518
-0.00581083
-0.00163105
-0.134723
0.0185327
-0.0862232
-0.0911437
-0.142186
-0.0598187
-0.0760902
-0.00958744
-0.0347348
0.0477913
-0.0210494
0.0166387
-0.0655988
0.0213391
-0.0297597
-0.102001
-0.0149497
0.0179877
-0.132677
-0.218709
-0.0252301
-0.133835
-0.129385
-0.0565607
-0.103369
-0.133005
-0.106242
-0.126556
-0.0735866
-0.00570197
0.015037
-0.0704073
-0.0608398
0.0128825
0.0744772
-0.0328467
-0.00182553
0.0119738
0.00142274
0.067147
0.0622279
0.0204188
-0.0130136
-0.0429742
-0.141329
-0.081473
-0.0177248
-0.0476801
-0.064229
-0.0609278
0.093435
-0.0725156
-0.0781203
-0.110541
-0.0653569
0.0190336
0.0378972
-0.00156129
0.0403551
0.0537047
-0.0990725
0.0169821
-0.00375114
0.055686
0.00979071
0.0147129
-0.00389028
-0.0788517
-0.0948355
-0.0628264
-0.112084
-0.0794503
-0.134803
-0.0755349
-0.117695
-0.132304
-0.117922
-0.117872
-0.0536928
0.0171395
-0.055197
0.0393592
-0.000166867
0.0557614
-0.0227962
0.0479266
0.00942925
0.00388109
-0.0269634
-0.0389025
-0.1067
-0.0875673
-0.114004
-0.0467846
-0.114429
-0.114381
-0.0983473
-0.129282
-0.153528
-0.118194
-0.114083
-0.0816467
-0.163181
-0.0274382
-0.0273914
0.00956742
-0.02862
0.0246577
-0.141545
0.0429282
-0.0513271
0.0493228
-0.0278074
0.0395646
0.0731139
-0.1345
-0.0801528
0.0181342
-0.155973
-0.151238
0.138428
-0.075045
-0.0202615
-0.0378026
-0.0894664
-0.143701
-0.0602437
0.0878111
-0.090661
0.204208
-0.0607789
0.113147
-0.0673181
-0.0420256
0.0436287
-0.00965136
0.0352854
0.0787314
-0.0288792
-0.174873
-0.124547
-0.0697761
-0.121314
-0.0949009
-0.0844147
-0.155155
-0.192797
-0.186483
-0.0811325
-0.0976989
-0.0673921
0.031987
0.0443997
0.0331294
0.0233696
-0.0225925
-0.0176295
-0.104524
-0.042752
-0.0272296
-0.0723328
-0.139968
0.0142514
-0.0958183
-0.0983078
-0.076336
-0.0577346
-0.234653
-0.0734142
-0.104418
-0.0839077
-0.0986801
-0.106957
-0.275573
-0.190001
-0.0834183
-0.0311796
0.0626468
0.036875
-0.0462452
0.0389939
0.0193051
0.0343459
-0.0213048
-0.0286166
-0.00546289
-0.00265827
-0.131944
-0.201327
-0.1589
-0.0908662
-0.126874
-0.175755
-0.149518
-0.219533
-0.0818604
-0.270856
-0.100077
-0.212667
-0.0747409
-0.0469311
-0.0735774
-0.0628727
0.111366
0.00245903
-0.0455486
0.00700097
0
-0.0839474
-0.0814969
-0.0997593
-0.0692147
-0.122083
-0.0272232
-0.137464
-0.102708
-0.186055
-0.119133
-0.165771
-0.105592
-0.183276
-0.0873071
-0.0425179
-0.0411354
0.0773668
-0.0207257
-0.00839527
-0.0333003
-0.00829109
0.0328606
-0.125625
-0.0855314
-0.0376714
0.01106
0.00375715
-0.0874496
-0.112672
-0.150863
-0.119894
-0.0936568
-0.0939
-0.0745355
-0.154026
-0.0793849
-0.108112
-0.0718662
-0.17529
0.0566264
-0.0393371
-0.122024
-0.0276608
-0.0473063
-0.0506277
-0.0331274
-0.0428867
-0.060028
0.0434236
0.0142179
0.0272192
-0.0180231
-0.102429
-0.0994658
-0.0615921
-0.138488
-0.0943272
0.0555532
-0.0956145
-0.0648902
-0.0550211
-0.0690488
-0.0997216
0.024062
0.0334782
-0.000954506
-0.0444968
0.0777256
0
-0.0276528
-0.0400342
0.0439933
0.00891809
0.00718846
-0.0366221
-0.182691
-0.149134
-0.00471095
-0.0925444
-0.140619
-0.106005
-0.0945526
-0.166031
-0.0662416
-0.106439
-0.146262
-0.0868487
0.054179
-0.0264107
0.0711204
-0.00300551
0.0175143
-0.100462
0.0660226
0.0113566
0.0235971
-0.0734016
0.0436449
-0.0303826
-0.0288306
-0.139068
-0.132064
-0.151583
-0.0920821
-0.145395
-0.0543809
-0.0837341
-0.0967355
-0.0196177
-0.0527406
-0.0369299
-0.0195221
0.0491717
0.020134
0.0063634
-0.000500638
-0.0829083
-0.0277947
0.0115495
-0.137803
-0.0403503
0.104776
0.0223836
-0.0775929
-0.0758276
-0.202078
-0.0537184
-0.11115
-0.194296
-0.0704882
-0.152444
-0.0778572
-0.102514
-0.0385164
-0.105164
0.000511826
-0.0512129
0.086106
-0.0883836
-0.0702461
0.0205647
0.0182568
-0.0022226
0.0298403
-0.00951544
0.0706247
0.0197234
-0.0736554
-0.167266
-0.0914312
-0.0696953
-0.0884773
-0.116933
-0.0948359
-0.155643
-0.00325318
-0.0881929
-0.0956494
-0.0687034
-0.0346753
0.0014584
0.0545062
0.0243933
-0.0175042
0.00457672
-0.00568075
0.00892159
0.0136439
-0.0409586
-0.050491
-0.0577257
-0.138771
-0.130599
-0.197253
-0.102155
-0.0482274
-0.0516724
-0.0603689
-0.139863
-0.146367
-0.103262
0.0309759
-0.125964
-0.0887009
0.023151
-0.00342159
-0.0661361
0.046771
-0.0377475
-0.0383097
0.0760109
0.000656541
-0.0162988
-0.0429244
-0.0461178
-0.192965
-0.147194
-0.100222
-0.266632
-0.123841
-0.135682
-0.175495
-0.119256
-0.126848
-0.131529
-0.0814982
-0.20656
0.0048139
-0.0599595
-0.0444165
-0.0502941
-0.00200394
-0.0296189
-0.0517588
-0.0924095
-0.0473716
0.0213381
0.0467189
0.113269
-0.0663073
-0.107745
-0.15831
-0.113114
-0.0216552
-0.138644
-0.128759
-0.185285
-0.0970742
-0.0674795
-0.0325509
-0.142107
-0.0705978
-0.0423326
-0.112359
-0.072631
0.0058878
-0.0416429
0.0184969
-0.0770418
-0.0481697
-0.0644657
-0.0234128
-0.0732982
-0.0964299
-0.0573893
-0.132748
-0.134782
-0.178125
-0.116168
-0.153544
-0.121302
-0.232898
-0.217662
-0.12688
-0.211908
-0.0193865
-0.000313696
-0.0603256
-0.128629
-0.0771834
-0.0311542
-0.0476728
0.0147879
-0.00688071
-0.0934743
-0.168462
-0.0410636
-0.205486
-0.171317
-0.0678761
0.0117947
-0.126936
-0.0814988
-0.108621
-0.0971813
-0.136549
-0.16072
-0.0976664
-0.186062
0.0021607
-0.0669468
0.016082
0.0268543
-0.0494107
-0.0127368
-0.0337784
-0.0791812
-0.0763254
-0.00738906
-0.0248744
0.0143805
-0.091039
-0.0921362
-0.113747
-0.131821
-0.0360754
-0.12756
-0.164737
-0.083697
-0.109935
-0.083647
0.0655532
-0.162727
0.148089
-0.0913775
-0.109251
-0.0367877
-0.0333689
-0.000212006
0.00953881
-0.0352551
0.0210821
-0.0737478
-0.0464377
-0.0481416
-0.100394
-0.124939
-0.0934071
-0.107557
-0.113273
-0.272385
-0.0709609
-0.178325
-0.155147
-0.150456
0.00312677
-0.184496
0.0484634
-0.0757207
0.0181079
-0.0586128
0.00902048
0.0256188
-0.00427881
0.0393684
-0.0430663
0.00221299
0.0494176
-0.0328138
-0.142285
-0.0586067
-0.0445555
-0.10067
-0.0631346
-0.100949
-0.00764878
-0.116878
-0.121044
-0.057072
-0.0895593
-0.105044
-0.0058452
-0.0322188
0.0275471
-0.0409708
-0.0465761
-0.0037343
-0.0632317
0.0131246
-0.061252
-0.0308766
-0.0439251
-0.0691458
-0.201899
-0.14912
-0.096
-0.0562078
-0.0791813
-0.0946998
-0.10874
-0.152718
-0.102521
-0.0894329
-0.0400819
-0.136726
0.0396808
-0.0517719
-0.00724598
-0.0252585
0.0102217
0.0331145
-0.00299167
-0.0267343
0.034696
0.0659285
0.0946429
0.015973
-0.0597582
-0.120501
-0.0912015
-0.127823
-0.12105
-0.194793
-0.242755
-0.0714862
-0.0785568
-0.0725724
-0.185563
-0.0253927
-0.0161031
-0.0152455
-0.0906777
-0.0438726
-0.0531247
-0.0309604
0.00407408
0.019296
0.0528238
0.0361897
-0.00784552
0.034881
-0.0867512
0.000808442
-0.0602294
-0.103607
-0.145674
-0.0978322
-0.0334237
-0.0746448
-0.0739029
-0.0357449
-0.194619
-0.0661001
0.0293072
0.0263985
-0.012638
0.0177009
-0.0392118
-0.0380811
0.00122423
0.0921089
0.0335511
0.0224117
-0.00336665
0.0361627
-0.0585059
-0.100744
-0.0411355
-0.0663757
-0.138767
-0.0393796
-0.0816582
-0.0722787
-0.097662
-0.120391
-0.0664374
-0.0636212
0.0184324
0.0933414
-0.0417578
-0.0122575
0.0119296
-0.0229885
-0.0467521
0.1227
-0.0565906
-0.0864446
-0.0244535
0.02676
-0.0545881
-0.108958
-0.0922261
-0.120502
-0.0696493
-0.139346
-0.114782
-0.11108
-0.0816909
-0.111141
-0.0791297
-0.129818
-0.0678053
-0.0729097
-0.0429942
-0.0249145
-0.0660671
-0.0772205
-0.183054
-0.0688813
-0.0253911
0.0188592
0.028539
-0.0691217
-0.134998
-0.190073
-0.115192
-0.184348
-0.0934293
-0.16989
-0.137233
-0.246448
-0.176639
-0.123995
-0.0666967
-0.0961018
-0.02926
-0.0299516
-0.00320334
-0.0689696
-0.0840547
-0.018709
0.0198178
-0.0087288
-0.0962255
-0.0165729
-0.00109947
0.0114389
-0.112668
-0.0829383
-0.144428
-0.133748
-0.127883
-0.128346
-0.102221
-0.106033
-0.162921
-0.0814515
-0.163446
-0.108651
-0.0413927
-0.11557
-0.0184756
0.0431362
0.0193451
-0.0671225
0.00165376
0.0288593
-0.0312965
0.00380509
-0.01524
-0.00754807
-0.151643
-0.101742
-0.0378777
-0.139695
-0.0784166
-0.0782438
-0.187316
-0.0422434
-0.0822168
-0.0349218
-0.12145
-0.192899
0.0475227
0.0100774
-0.0757702
-0.0702494
0.0259928
-0.0475609
0.0196338
0.0646614
0.0353317
0.0282726
-0.10442
-0.0249126
-0.147412
-0.179085
-0.17973
-0.0959165
-0.19444
-0.172616
-0.16703
-0.0441555
-0.164115
-0.166004
-0.223516
-0.113794
-0.0819328
0.026479
-0.0738373
-0.0827169
-0.121006
-0.0214889
-0.0502303
-0.0836336
0.0211297
-0.0321847
-0.0589779
0.000529976
-0.0748866
-0.096177
-0.113137
-0.0971308
-0.117915
-0.164177
-0.149385
-0.164923
-0.143422
-0.164858
-0.158447
-0.168983
-0.0274083
-0.148242
-0.0554445
0
-0.0336753
-0.00639103
-0.0885002
-0.0314085
-0.0756714
-0.114284
-0.0159926
-0.00624896
-0.0433061
-0.122694
-0.271555
-0.0790929
-0.131601
-0.100239
-0.142216
-0.126278
-0.149186
-0.15467
-0.0812364
-0.158438
-0.0353487
0.0363521
-0.0156034
0.0199294
-0.0830854
-0.00323586
-0.0469527
-0.15053
-0.0762818
0.00423591
-0.0802104
-0.00531256
0.00623665
-0.0943187
-0.0996519
-0.0638201
-0.135018
-0.0496711
-0.240405
-0.190505
-0.175727
-0.135114
-0.0547434
-0.102146
-0.0370848
-0.0996733
0.0113244
-0.0737862
-0.0456924
0.09691
-0.0266151
-0.047712
-0.0791319
-0.0231123
-0.0193169
-0.0817729
-0.14503
-0.145673
-0.0963768
-0.159464
-0.0204707
-0.185838
-0.0727511
-0.159384
-0.101986
-0.14883
-0.143838
-0.206725
-0.110051
-0.147009
0.0249332
-0.0131535
-0.0914851
-0.126434
-0.00369612
-0.0979899
-0.0808366
-0.0735278
-0.0768175
-0.0274068
-0.0550844
-0.107867
-0.0770152
-0.144274
-0.0874016
-0.106353
-0.122396
-0.106795
-0.167425
-0.118511
-0.0515098
-0.0821537
0.0680118
-0.0268583
-0.0339303
0.0223774
-0.0819824
-0.0322865
0.149678
0.00389776
0.07358
-0.0385652
-0.0246286
-0.0685595
-0.0576067
-0.0586119
0.00837896
-0.0826757
-0.0106494
0.0029223
-0.113361
-0.136605
-0.0344455
-0.126337
-0.112199
-0.160408
-0.0166946
-0.0110842
0.0287022
-0.0265096
-0.06061
-0.126174
-0.0870651
-0.0253763
-0.0326532
-0.0147949
-0.0525171
-0.00137779
-0.0151293
-0.167596
-0.170806
-0.0726086
-0.113279
-0.120005
-0.23149
0.00811379
-0.145629
-0.0495008
-0.00967288
-0.0732685
-0.020958
-0.0453095
-0.0432922
-0.0372297
0.0263591
0.0260759
-0.0703424
-0.0361595
-0.0354723
-0.018985
-0.0623936
-0.0451765
-0.122846
-0.0657632
-0.151268
-0.134324
-0.103886
-0.144262
-0.142339
-0.0012758
-0.203427
-0.0898293
-0.116299
-0.0666852
0.00855783
0.0625176
-0.0139785
0.091037
0.0751314
-0.0240028
0.00952888
-0.0704978
0.0639319
-0.00597856
-0.0682172
0.00967913
-0.187977
-0.067824
-0.106889
-0.107666
-0.156877
-0.105262
-0.222061
-0.0287855
-0.117627
-0.100429
-0.178885
-0.0819985
-0.0517155
0.0408268
0.00684613
0.00120301
-0.0376231
-0.0158433
-0.0488932
-0.0133
-0.0179295
-0.0885344
0.0274962
-0.0166312
-0.0913612
-0.154487
-0.135486
-0.105745
-0.0529904
-0.076369
0.0503931
-0.122763
-0.117945
-0.00161882
-0.0823019
-0.156006
-0.0283977
-0.0177288
-0.00838137
0.0426953
-0.0336437
-0.0457159
-0.00930596
0.0454202
-0.0230923
-0.0121133
0.0142552
-0.00814131
-0.150091
-0.217893
-0.137915
-0.140247
-0.140423
-0.168948
-0.1973
-0.0743068
-0.0949336
-0.11339
-0.110525
-0.202934
-0.0356117
0.0753367
-0.0410845
-0.00373952
-0.0439507
-0.012397
-0.0264837
-0.0825435
0.00332215
-0.0211739
0.0250624
-0.0749024
-0.118535
-0.134912
-0.120603
-0.111353
-0.0699202
-0.195047
-0.0641064
-0.113161
-0.130566
-0.0832252
-0.0716089
-0.121429
-0.012743
-0.0843881
0.0571707
-0.0292455
0.0226115
0.0080365
-0.0731071
-0.0916137
0.0167191
-0.0692218
0.0411605
-0.0159003
-0.131732
0.000425564
-0.0785201
-0.0154914
-0.0603364
-0.0795388
-0.0923704
-0.137705
-0.248736
0.0282957
-0.0768592
0.0048782
0.0100691
-0.0646598
-0.0313289
-0.0266331
-0.0487713
0.0102192
-0.0475209
-0.0674158
0.0414925
-0.0331294
0.00410244
0.0489851
-0.189582
-0.0650662
-0.131949
-0.101382
-0.0952036
-0.0751369
-0.0469457
-0.0757713
-0.0395411
-0.0813906
-0.167033
-0.0758329
0.186388
-0.0106363
-0.0335946
0.0112938
0.0208042
-0.0117934
0.00915387
-0.0158916
0.0727571
0.00136035
0.00414798
0.0353104
-0.0330415
-0.0789625
-0.0961207
-0.0143176
-0.133201
-0.0795652
-0.0277949
-0.166036
-0.034226
-0.06831
0.0280626
0.00474078
-0.0661725
-0.0734029
-0.0541295
-0.0133821
-0.0284168
0.0424523
0.0239398
-0.0335213
0.00374771
0.0307626
0.0493556
-0.0878945
-0.140488
-0.168735
-0.138884
-0.120591
-0.0721375
-0.0501981
-0.0507037
-0.124496
-0.112529
-0.146128
-0.0619562
-0.153093
0.0399414
-0.0443842
-0.063162
-0.0496232
-0.135206
-0.0235905
0.0214176
-0.0362335
-0.0861301
-0.0362387
0.0235328
-0.0071661
-0.0896315
-0.0921318
-0.127555
-0.0508328
-0.189408
0.00202468
-0.0778907
-0.098702
-0.125769
-0.206756
-0.0786894
-0.0554863
-0.0429513
-0.0755364
-0.109351
-0.0825092
-0.00179709
-0.0146227
-0.0157783
-0.0168259
0.00503923
-0.0170556
0.055567
0.000476661
-0.0871502
-0.149581
-0.113171
-0.132172
-0.0504584
-0.187209
-0.0407075
-0.147475
-0.140671
-0.111664
-0.0694214
-0.21933
0.0253685
-0.0535866
-0.108044
-0.10604
-0.0528793
-0.0743141
0.0569827
-0.0144489
0.0676876
-0.0433956
0.0263977
-0.00907765
-0.0184426
-0.118539
-0.113418
-0.0482546
-0.126912
-0.113789
-0.119626
-0.120232
-0.0963293
-0.0995011
-0.0929558
-0.118806
-0.00139758
-0.0950073
-0.153161
-0.0403231
-0.00193017
-0.134016
-0.0124914
0.00687553
-0.0735603
-0.0559723
0.0257474
-0.0487709
-0.147401
-0.135785
-0.160479
-0.188139
-0.194865
-0.0335364
-0.17403
-0.0949606
-0.025725
-0.0362279
-0.0210926
0.0819999
0.0181402
-0.00637745
-0.0318997
0.00432347
0.0594146
-0.065557
-0.0503003
-0.0437353
0.00552777
-0.0392338
0.0595501
0.0659526
-0.0520949
-0.15146
-0.101254
-0.00190794
-0.0534042
-0.0664834
-0.0514799
-0.0890947
-0.1277
-0.0096846
-0.143674
-0.0955641
-0.0272588
-0.0103537
0.0559409
0.00359816
0.0330729
-0.0356504
0.00457155
-0.0230653
0.024635
0.0665088
0.0770779
-0.0204163
-0.0857721
-0.0748672
-0.15791
-0.0678182
-0.0994522
-0.0608616
-0.171139
-0.0547868
-0.163792
-0.0771162
-0.130732
-0.0940308
-0.0683939
-0.0778868
-0.0503654
-0.0942887
-0.00184664
0.0482622
-0.0889575
0.0267755
-0.145935
-0.0434014
-0.0178825
-0.0483422
-0.123408
-0.0442079
-0.0144739
-0.124407
-0.0461571
-0.102174
-0.0749044
-0.100979
-0.116117
-0.101725
-0.0702948
-0.191155
-0.0323473
-0.0268332
0.0240758
-0.0359536
-0.0522838
-0.0237424
-0.131041
-0.0274796
-0.0288859
-0.0447717
-0.0497945
-0.0289885
-0.0585318
-0.0584275
-0.024752
-0.121798
-0.137779
-0.109074
-0.13003
-0.120747
-0.0903601
-0.071517
-0.0275111
-0.0544675
-0.0295553
-0.0884389
-0.0396892
-0.0676134
0.0188398
0.0387887
0.060272
0.0260418
-0.0585225
-0.0738863
-0.0282667
-0.0104128
-0.12198
-0.0715404
-0.198059
-0.223598
-0.162053
-0.173473
-0.170089
-0.150183
-0.142499
-0.173533
-0.158658
-0.0310996
-0.0579919
-0.069474
-0.0504828
-0.0681158
-0.0343276
-0.0521012
-0.0427839
-0.0489644
-0.111076
-0.0283686
-0.0129356
-0.211993
-0.197527
-0.139217
-0.0780547
-0.0966466
-0.0561651
-0.138964
-0.0676433
-0.110576
-0.116081
-0.0401946
-0.116249
-0.10261
-0.0330313
-0.0820105
-0.108613
0.0407075
-0.0999019
-0.00787592
0.00934778
-0.0209493
-0.0464587
0.0578313
-0.0869639
-0.0589863
-0.183763
-0.0824431
-0.112182
-0.0983042
-0.147628
-0.160997
-0.0608444
-0.130217
-0.194006
-0.126196
-0.20394
-0.151576
0.0253493
-0.0285215
-0.0358824
-0.0250117
-0.0204591
-0.0447757
-0.0580601
-0.0145859
-0.0176869
-0.0729038
-0.0471915
-0.0198084
-0.17352
-0.189264
-0.0303446
-0.185038
-0.072365
-0.0510151
-0.0321589
-0.114761
-0.155479
-0.112995
-0.156368
-0.152402
0.0393097
-0.0203008
-0.0242713
-0.0378172
-0.0759342
-0.058959
0.00171152
0.0717383
0.0485003
-0.0818621
-0.00376017
-0.0635941
-0.123228
-0.095669
-0.138303
-0.110094
-0.100976
-0.113022
-0.119873
-0.129975
-0.144445
-0.0783994
-0.111318
-0.151868
-0.0674027
-0.0232565
-0.0553244
-0.00538289
0.0469494
-0.0187857
-0.022763
-0.0343689
-0.0276384
-0.0114833
0.00808015
-0.0353279
-0.0881596
-0.127476
-0.136873
-0.0889879
-0.176535
-0.052394
-0.0501524
-0.12113
-0.175273
-0.0846192
-0.0625826
-0.12337
-0.0130878
-0.0336518
-0.063387
-0.00241409
-0.0548927
-0.00343411
-0.122158
-0.0235889
0.00670371
-0.0369472
-0.00470022
-0.0837231
-0.11512
-0.118178
-0.0539102
-0.166934
-0.110298
-0.0544621
-0.0740742
-0.169219
-0.0353693
-0.160138
-0.155538
-0.141727
-0.0972063
-0.149347
0.0913456
-0.0563497
0.0442036
-0.0320692
-0.0684787
-0.0476893
-0.0452048
-0.0563237
0.0575178
-0.085502
-0.193323
-0.0998125
-0.0548833
-0.137838
-0.134372
-0.117461
-0.144949
-0.145697
0.345574
-0.152679
-0.206641
-0.172334
0.040905
-0.0913127
-0.0245536
-0.0684161
-0.08611
-0.0939045
0.0036588
-0.0610695
0.0102325
-0.0146432
0.053877
-0.0635618
-0.111723
-0.075258
0.201829
-0.112847
-0.119292
-0.147058
-0.153221
-0.095095
-0.0856717
-0.116984
-0.0476812
-0.035331
-0.0642684
-0.00637895
0.0177857
0.00824863
0.01531
-0.0446735
-0.0143978
0.00192774
0.142927
-0.044729
-0.0215652
-0.0222438
-0.104055
-0.0964409
-0.0569567
-0.145451
-0.100006
-0.101624
-0.0499771
-0.0577337
-0.0692791
-0.108298
-0.151104
-0.11935
0.0415377
-0.0480006
-0.0177288
-0.00777017
0.011281
-0.0168679
-0.0313028
-0.0458998
-0.0976518
0.0115477
-0.0331634
-0.160817
-0.111436
-0.147376
-0.125101
-0.120915
-0.133586
-0.132195
-0.1412
-0.0630637
-0.132425
-0.0801542
-0.0480221
-0.125621
-0.0901766
-0.0590036
-0.0591013
-0.0811826
0.0428179
-0.013491
-0.000705603
-0.00422677
0.0265075
0.0504801
-0.0264486
0.0290405
-0.0504799
-0.131019
-0.0882104
-0.117865
-0.182682
-0.169912
-0.14398
-0.166712
-0.137073
-0.146614
-0.127327
-0.113167
-0.0658173
-0.00433988
0.0222764
-0.105945
0.0234541
-0.0397445
-0.0167626
-0.051476
0.0124406
-0.0401173
0.0429641
0.00650006
-0.131418
-0.0772372
-0.116255
-0.0688558
-0.110841
-0.110914
-0.176518
-0.13736
-0.14554
-0.224037
-0.150862
-0.23548
-0.0782806
-0.00231623
0.0169466
-0.0287026
-0.0141246
-0.131802
-0.0179322
-0.0178268
-0.0107551
-0.0116061
0.0187975
-0.0778738
0.144283
-0.327857
-0.0518051
-0.102687
-0.130406
-0.119546
-0.130532
-0.127716
-0.0121004
-0.153066
-0.144359
-0.113166
-0.0651849
-0.0087625
-0.031404
-0.11115
-0.0653621
-0.141329
-0.0116928
-0.0394686
-0.136444
-0.0944213
-0.0628264
-0.111198
-0.146893
-0.164003
-0.0871502
-0.0940591
-0.0982821
-0.196675
-0.237081
-0.118492
-0.0745551
-0.206581
-0.0526161
-0.149754
-0.0112456
0.0195135
-0.100049
-0.0470076
-0.0941501
0.00787643
0.00773247
0.0473556
0.0156305
-0.00694886
-0.0581787
-0.0757207
-0.0841304
-0.138666
-0.175386
-0.0824154
-0.176602
-0.171596
-0.144496
-0.159468
-0.236514
-0.142474
-0.0694435
-0.0800342
-0.0700901
-0.0348921
0.00465847
0.0131602
0.230957
-0.113943
-0.00118016
0.0254941
-0.110192
-0.0188538
-0.105711
0.0580925
-0.174761
-0.0535861
-0.060248
-0.0723274
-0.0707792
-0.104112
-0.0659285
-0.123784
-0.0747817
-0.04168
-0.0920074
-0.098839
-0.0519777
-0.112969
-0.0521113
-0.097874
-0.129783
-0.0476991
-0.00391261
-0.0538181
0.081183
-0.0251988
-0.0752606
-0.0260837
-0.111295
-0.0901422
-0.0705168
-0.0724533
-0.069175
-0.114104
-0.127238
-0.0687642
-0.128209
-0.0674925
-0.118483
-0.0441701
-0.108233
-0.00932746
-0.138826
-0.0354103
-0.0185137
-0.0414702
-0.0220567
0.000621543
0.0601366
-0.132798
0.0408241
-0.146224
-0.169652
-0.101842
-0.0855118
-0.172839
-0.0545126
-0.0920253
-0.101979
-0.067558
-0.083777
-0.0884886
-0.0995012
-0.0897221
0.0647765
-0.0145107
-0.09395
-0.016379
-0.0112778
-0.0398503
-0.0297721
-0.0128826
-0.0955772
0.0757782
-0.0126277
-0.0262554
-0.0584557
-0.0195124
-0.164047
-0.153122
-0.137549
-0.158409
-0.125695
-0.0900443
-0.0026327
-0.0257495
-0.142941
-0.0920912
0.0493162
-0.121672
-0.0808454
-0.0417074
-0.030543
-0.0195221
-0.098155
-0.0533911
-0.090444
-0.0434483
-0.010275
0.00125242
-0.11069
-0.0751984
-0.0720893
-0.095642
-0.105815
-0.202898
-0.200714
-0.111879
-0.158575
-0.0750228
-0.00828009
0.0160875
-0.0758456
-0.0717081
0.0167121
-0.0158692
0.00634978
-0.0602457
-0.0895823
-0.0859748
-0.0194654
-0.0960713
-0.0384757
-0.084064
-0.128816
-0.138388
-0.0685679
-0.179884
-0.116453
-0.143477
-0.13006
-0.0827748
-0.088616
-0.0854423
-0.140855
-0.172522
-0.0491916
-0.10516
-0.0603759
-0.0780756
0.0236487
-0.149205
-0.0304679
-0.0618271
-0.083256
-0.00768683
0.0262699
0.0438985
-0.107366
-0.139249
-0.0670819
-0.164513
-0.155486
-0.16483
-0.181315
-0.114353
-0.021371
-0.102677
-0.132279
-0.179585
-0.100312
-0.00387591
-0.0518989
-0.0665357
-0.045069
-0.00307365
-0.0957927
-0.0171266
-0.0964566
0.02525
-0.034507
-0.127277
-0.140619
-0.120273
-0.164406
-0.218332
-0.188697
-0.0781128
-0.20583
-0.110265
-0.103613
-0.0824185
-0.0738243
-0.120261
-0.0405335
-0.0253392
-0.0453892
-0.0760016
-0.0361691
-0.0338882
-0.0529517
-0.104109
-0.0131614
0.0187135
-0.0530689
-0.0854004
-0.0487488
-0.0661036
-0.0937464
-0.124158
-0.104931
-0.0365216
-0.0887833
-0.132658
-0.0488263
-0.051656
-0.0539394
-0.0325754
-0.00476064
0.0175568
-0.0806945
-0.0126066
0.0410141
0.0870366
-0.0341778
0.00557306
-0.16817
0.0265418
-0.0313612
0.0621264
-0.102636
0.0591052
-0.18988
-0.0500304
-0.014137
-0.111783
-0.0159775
-0.138739
-0.0790659
-0.0644149
-0.085936
-0.159163
-0.0226796
-0.022683
0.0972385
-0.0885061
-0.100308
-0.155033
-0.0573939
-0.00285053
0.0191883
-0.0460998
0.0623608
-0.044385
-0.0270201
0.0184872
-0.0932637
-0.0332609
-0.101809
-0.0293525
-0.157337
-0.0595309
-0.11768
-0.0492065
-0.0437155
-0.0690015
-0.0190435
-0.0959038
0
0.00486735
0.0464272
-0.0434572
0.0260777
0.0659086
-0.0599556
-0.015705
0.0662132
-0.291802
-0.119251
-0.0916042
-0.0759761
-0.110746
-0.180156
-0.0436359
-0.171533
-0.124409
-0.160214
-0.0754514
-0.110765
-0.16616
-0.0131614
-0.110911
0.00811791
0.0436286
-0.0791812
-0.0439962
-0.0315868
-0.0305024
-0.0247786
-0.0531467
-0.0729614
-0.088754
-0.11926
-0.119298
-0.20423
-0.0525575
-0.133731
-0.187043
-0.075921
-0.161826
-0.118212
-0.198452
-0.133941
-0.180294
0.245753
-0.0429845
0.00960444
-0.132401
-0.0237378
0.0369139
-0.0556021
-0.0888158
-0.0233662
-0.10196
-0.0514513
-0.10482
-0.139086
-0.0686033
-0.117345
-0.109591
-0.0916335
-0.133157
-0.172009
-0.160971
-0.100003
-0.167201
-0.097395
-0.135422
0.0653531
-0.168814
-0.0409882
-0.0568662
-0.0421232
-0.118124
-0.00761943
0.118586
-0.126533
-0.0048593
-0.0785268
-0.0283336
-0.08167
-0.0838806
-0.0791109
-0.0173354
-0.103051
-0.0772638
-0.0767597
-0.130088
-0.168995
-0.117206
-0.0670467
-0.0774436
-0.00618956
-0.145226
-0.113677
-0.111356
-0.0762092
0.00433049
0.075547
-0.0795666
-0.0220501
-0.10922
-0.0596339
-0.0710957
-0.152479
-0.205886
-0.202276
-0.132608
-0.159503
-0.147552
-0.19382
-0.0926538
0.00907965
0.00690325
-0.0812021
-0.164203
0.0130298
-0.0848719
0.0150887
0.025028
-0.0481769
-0.0566068
-0.0126664
-0.0912538
0.0161973
-0.000978504
0.0349776
0.107666
-0.118857
-0.104366
-0.0511525
-0.184803
-0.0582626
-0.131478
-0.0924372
-0.164513
-0.0817157
-8.77105e-05
-0.137528
0.118489
0.123571
-0.0284476
-0.0813103
0.0431953
0.0355321
0.0134045
-0.0385951
0.00890896
0.0019816
-0.0286903
0.09691
-0.0405475
-0.0877708
-0.103984
-0.0974879
-0.07206
-0.0853549
-0.0781552
-0.182607
-0.0845824
-0.149228
-0.0450901
-0.0893276
-0.0715523
0.0602745
-0.0202744
-0.0522813
-0.114531
-0.108644
-0.104005
-0.0339134
-0.0281441
0.020841
-0.0437685
-0.0573279
0.0370016
-0.0639519
-0.0786818
-0.166294
-0.0169534
-0.0732049
-0.187893
-0.0817251
-0.0575086
-0.104818
-0.0370675
0.000521444
-0.132363
-0.181568
0.0797391
-0.0334832
-0.0386294
-0.0615622
-0.0198804
-0.060248
-0.0962936
-0.0513206
-0.0480692
-0.0397903
-0.185431
-0.0964258
-0.164104
-0.150528
-0.103165
-0.0879572
-0.141365
-0.227204
-0.0945696
-0.0149676
-0.0693769
-0.0846426
-0.166588
-0.0120981
-0.0102513
-0.0496666
-0.0370345
-0.0686204
-0.00840705
0.00490733
-0.0899164
0.014678
-0.00390584
-0.0327014
-0.051472
-0.135886
-0.141017
-0.107013
-0.0463433
-0.132703
-0.119433
-0.134828
-0.155093
-0.109199
-0.0170645
-0.0827191
-0.102675
-0.177534
-0.0310965
-0.040661
-0.0803763
-0.0256271
-0.0373426
-0.0893826
-0.0602849
0.00495801
-0.0605548
-0.0599833
-0.101731
-0.122802
-0.177644
-0.20877
-0.137291
-0.174115
-0.186526
-0.128104
-0.207277
-0.132727
-0.083148
-0.12192
-0.121644
-0.122769
-0.0595778
-0.0636799
-0.0906726
0.00627411
-0.105235
-0.0881054
-0.13341
-0.0687251
0.0304384
0.0443703
0.00667017
-0.207926
-0.129502
-0.171764
-0.0925234
-0.149564
-0.0511184
-0.110049
-0.274052
-0.196019
-0.168262
-0.0803212
-0.206708
-0.231664
0.00537726
-0.08428
-0.0334237
-0.068425
-0.0910592
-0.0838317
-0.0200042
-0.0046853
-0.205325
0.0159823
-0.0938127
-0.115096
-0.0989802
-0.124027
-0.148429
-0.107093
-0.116368
-0.111877
-0.145255
-0.137
-0.140132
-0.102695
-0.0891814
-0.09691
-0.0502855
0.0662564
-0.130757
-0.120635
-0.107948
-0.0574273
-0.0650781
0.0109688
-0.0180099
-0.102103
-0.0367739
-0.0765693
-0.0734403
-0.0242619
-0.086815
-0.00765581
-0.111508
-0.068399
-0.153703
-0.0909021
-0.0750357
-0.134622
-0.0891832
-0.0981317
-0.0139886
-0.0709553
-0.0476372
-0.0344109
-0.080381
-0.0979072
-0.0754671
-0.157227
-0.139246
-0.086043
-0.121874
-0.125881
-0.150375
-0.0676965
-0.139492
-0.0766521
-0.0541664
-0.0971484
-0.0847003
-0.16106
-0.0726451
-0.191205
-0.145463
0.00547389
-0.0997029
-0.0341506
0.0130555
-0.0733915
-0.0193565
-0.0475112
-0.0999564
-0.0600629
-0.124247
-0.1069
-0.0945561
-0.0890964
-0.0787654
-0.058699
-0.0873168
-0.00299441
-0.114527
-0.0512389
-0.184795
-0.090904
-0.153877
-0.102171
-0.178833
0
-0.046958
-0.0129523
-0.0558732
-0.0811236
-0.0933414
-0.0836619
-0.0979367
-0.04484
-0.0103737
-0.00775934
-0.0905698
-0.130633
-0.109172
-0.147886
-0.188336
-0.179914
-0.156378
-0.180509
-0.0893854
0.0878548
-0.169751
-0.190476
-0.252235
-0.0318217
-0.00717116
-0.0198948
-0.0531618
-0.103106
0.0492702
-0.0352801
0.0967008
-0.0392702
-0.0221888
-0.0251897
-0.0362206
-0.00550664
-0.100065
-0.103682
-0.134481
-0.146307
-0.122064
-0.123992
-0.0804384
-0.0801398
-0.11421
-0.188654
-0.122324
-0.059702
-0.0052706
-0.0455252
-0.0110801
-0.0293374
0.0149801
-0.15191
-0.0244548
-0.119138
-0.0219943
-0.0504215
-0.0316841
-0.167393
-0.111709
-0.175279
-0.126587
-0.124236
-0.0528537
-0.147844
0.120691
-0.0989212
-0.0523465
-0.0943547
-0.0332733
-0.0285713
-0.112984
-0.0754365
-0.0389681
-0.0404708
-0.0390816
-0.0553196
-0.087933
-0.0929438
-0.0739683
-0.146272
0.105163
-0.0530708
-0.157101
-0.226503
-0.10232
-0.143041
-0.109551
-0.108598
-0.131855
-0.0938283
-0.124218
-0.0903445
-0.0786621
-0.0903046
-0.0697801
-0.0409495
-0.0264879
-0.115865
-0.0930733
-0.0895453
-0.0807716
-0.0449191
0.0175244
-0.0513418
-0.0318696
-0.118366
-0.109479
-0.164975
-0.126139
0.0324303
-0.0668325
-0.0994479
-0.0589602
-0.0548391
-0.133978
-0.0744923
-0.0956541
-0.117313
-0.0780452
-0.0656916
-0.0277214
-0.0366068
-0.0811666
-0.0404756
-0.0513469
-0.175007
-0.0328063
0.00399226
-0.00265895
-0.0693334
-0.143359
-0.0635369
-0.123048
-0.224008
-0.110036
-0.155318
-0.13807
-0.129817
-0.0879655
-0.15356
-0.112193
-0.0912765
-0.0321176
-0.0943478
-0.0527417
-0.142578
-0.0401382
-0.0307983
-0.0441481
-0.0465625
-0.0813567
-0.0803662
-0.0870429
-0.0955391
-0.180478
-0.136945
-0.122968
-0.145843
-0.176341
-0.0960194
-0.105377
-0.10702
-0.1314
-0.156767
-0.165112
-0.0331827
-0.0298908
-0.0507399
0.404965
-0.0633344
-0.0026975
-0.0655299
0.0161368
0.0656422
0.0712366
-0.150156
-0.183644
-0.159214
-0.135005
-0.117846
-0.134227
-0.143177
-0.0980514
-0.0957878
-0.137043
-0.141988
-0.135774
-0.131867
-0.148194
-0.0355595
-0.156667
-0.0712539
-0.0507434
-0.111023
-0.041216
-0.115255
-0.0923914
-0.120788
-0.0160749
-0.0711075
-0.120497
-0.168472
-0.137024
-0.122536
-0.107235
-0.145733
-0.14472
-0.148301
-0.0674605
-0.184221
-0.10274
-0.188495
0.113385
-0.0535912
-0.054502
-0.131526
-0.0468697
-0.0553457
-0.0864656
-0.0716604
-0.150235
-0.142089
-0.118459
-0.0166904
-0.08167
-0.163203
-0.110332
-0.198701
-0.0747269
-0.101093
-0.128716
-0.216851
-0.0755111
-0.204218
-0.0462667
-0.145936
-0.123598
0.149762
-0.0946729
-0.153205
-0.0551791
-0.0430022
-0.137003
-0.142937
-0.0493565
-0.0577647
-0.0906107
-0.100789
-0.0694169
-0.102889
-0.0874101
-0.185871
-0.160674
-0.210714
-0.0831278
-0.14873
-0.0938215
-0.239043
-0.135473
-0.166072
-0.117851
-0.14646
-0.0811942
0.00457488
-0.0432561
-0.0970688
-0.106287
-0.0808898
-0.129891
-0.129095
-0.0664516
-0.0619183
-0.121607
-0.169521
-0.0909922
0.103113
-0.13168
-0.0898414
-0.111278
-0.247221
-0.127958
-0.17112
-0.0603097
-0.104756
-0.149308
-0.0765315
-0.142577
-0.0576068
-0.0734545
-0.09691
-0.113387
0.0957053
-0.134671
-0.0558361
-0.0484567
-0.0653799
-0.106786
-0.189393
-0.0994824
-0.142357
-0.145525
-0.0880754
-0.163534
-0.269483
-0.0920096
-0.128286
-0.0939383
-0.147113
-0.154531
-0.0762254
-0.0432716
0.0485363
-0.0490642
-0.0536499
0.0233036
-0.0462691
0.0056186
-0.0422623
-0.0518402
-0.061091
-0.0253193
-0.168986
-0.0953257
-0.16757
-0.118072
-0.168447
-0.00457796
-0.152402
-0.111414
-0.106361
-0.15871
-0.0972285
-0.141468
-0.0224492
0.174369
-0.110146
-0.160297
0
-0.0513963
-0.0656105
0.00851585
-0.0736028
-0.0120557
-0.00947324
-0.0683546
-0.126252
-0.191534
-0.164411
-0.139202
-0.16475
-0.0501842
-0.128931
-0.0837926
-0.105697
-0.085451
-0.151205
-0.175209
-0.144913
-0.0287769
0.0326232
-0.0507712
-0.106635
0.0183023
-0.0570951
-0.0349426
-0.133767
-0.088302
-0.121443
-0.115872
-0.0825958
-0.0997434
-0.0553191
-0.133894
-0.132433
-0.112882
-0.161541
-0.0706413
0.234204
-0.113253
-0.194677
-0.0397168
-0.160486
-0.0777503
0.0308798
0.00170651
-0.100707
-0.0827543
-0.00339292
-0.0517565
-0.0587638
-0.118979
-0.0392988
-0.107251
-0.270954
-0.00636555
-0.0937194
-0.0970138
-0.0545493
-0.0662325
-0.0492637
-0.0495727
-0.0787736
-0.142777
-0.11721
-0.00166912
-0.0758738
0.133399
-0.0289813
-0.0787106
0.0673784
0.045111
-0.153072
-0.023077
-0.113336
-0.0103408
-0.00966803
0.00698987
-0.140234
-0.124672
-0.157293
-0.0533404
-0.121044
-0.0849672
-0.0942241
-0.156237
-0.0733588
-0.0221206
-0.148692
-0.0464221
-0.00738198
-0.0794117
-0.0569128
-0.00597441
-0.0517184
-0.0304579
-0.164653
-0.059145
-0.00489759
0.0192857
-0.0549219
0.0290014
-0.126484
-0.0644751
-0.14701
-0.00488958
-0.101406
-0.0258928
-0.115927
-0.163707
-0.1327
-0.0791481
-0.178602
0.04288
-0.0233548
-0.0469249
-0.0937591
0.0105559
-0.0225742
-0.0754832
-0.0615617
-0.0109108
-0.0722876
0.143422
-0.00890062
-0.035378
-0.17155
-0.152472
-0.14187
-0.0986098
-0.122859
0.0106073
-0.20138
-0.171171
-0.162496
0.0501847
-0.0413348
-0.0566534
-0.0676226
-0.0365436
-0.220753
-0.10721
-0.0867137
-0.0321381
-0.099531
-0.123625
-0.109673
-0.0367643
-0.0460549
-0.0805897
-0.117635
-0.106512
-0.0222475
-0.0836299
-0.139692
-0.136384
-0.082265
-0.0610679
-0.0990159
0.0415855
-0.216593
-0.12387
-0.0903463
-0.0482065
-0.0679875
-0.0527436
-0.0291489
-0.0692133
-0.0255326
-0.0490854
-0.0808925
-0.0190114
-0.0846688
-0.00346201
-0.113156
-0.14857
-0.136189
-0.139306
-0.131932
-0.0906098
-0.0637553
0.00954377
-0.171885
-0.139842
-0.0695946
-0.159671
-0.17467
-0.121257
0.0125166
-0.134263
-0.0224844
-0.0871041
-0.150406
-0.0638645
-0.069288
-0.0784757
-0.0222234
-0.0361336
-0.129168
-0.0393745
-0.131045
-0.0105838
-0.121934
-0.161719
-0.173068
-0.166873
-0.15623
-0.12919
-0.169575
-0.15198
-0.112315
-0.029265
-0.0394141
-0.0134535
-0.0552056
-0.0817003
-0.0863598
-0.0437089
-0.107893
-0.0429885
-0.119476
-0.0188743
-0.134074
-0.14067
-0.111577
-0.0833057
-0.230141
-0.196055
-0.0512536
-0.100714
-0.115052
-0.117291
-0.102526
-0.144834
-0.167122
-0.0172493
-0.109262
0.00517027
-0.051403
-0.0353357
-0.13842
-0.0561509
-0.0838325
-0.127332
-0.11288
0.0708526
-0.344935
-0.124695
-0.146761
-0.120699
-0.0922559
0.0886202
-0.0853435
-0.0586858
-0.175973
-0.0993063
-0.148092
-0.094959
-0.037596
-0.029117
-0.0724363
-0.00830415
-0.0863354
0.0605881
-0.0539818
-0.0487424
-0.140568
-0.0685956
-0.0586191
-0.00758666
-0.146033
-0.0691163
-0.117584
-0.0941379
-0.100482
-0.132689
-0.167481
-0.14339
-0.114413
-0.131477
-0.0198095
-0.126824
-0.0526424
-0.0380316
-0.0371754
-0.0141424
-0.126941
-0.0137579
-0.130056
-0.0874663
-0.199915
-0.0627475
-0.0485124
-0.0820596
-0.084313
-0.095933
-0.127959
-0.0680949
-0.163546
-0.185355
-0.0712304
-0.106056
-0.0785656
-0.100764
-0.0711401
-0.0913541
-0.0933436
-0.0405485
-0.0212343
-0.0556582
-0.0324938
-0.0782278
-0.106984
-0.0743952
0.0526566
-0.155681
-0.222778
-0.119816
-0.131082
-0.169289
-0.0912202
-0.105309
-0.114748
-0.111658
-0.0340913
-0.0659635
-0.155109
-0.148399
-0.184022
-0.0917475
-0.0043071
-0.0706038
-0.158443
-0.046318
0.0418462
-0.109674
-0.0973369
-0.0974941
-0.128928
-0.0953593
-0.129612
-0.0741893
-0.196142
-0.154476
-0.0807279
-0.0977739
-0.0951266
-0.03824
-0.086463
-0.217128
-0.133809
-0.226629
-0.182632
-0.0982546
-0.0667523
-0.0367944
0.125789
-0.0711643
-0.0756263
-0.0523293
0.048922
-0.0113222
-0.136375
-0.0787373
-0.00827252
-0.0746337
-0.110688
-0.0628851
-0.0780831
-0.122579
-0.109944
-0.144411
-0.0951035
-0.0708666
-0.0963958
0.0103122
-0.106671
-0.0177454
-0.0894769
-0.0762149
0.0675429
-0.0186694
-0.0819732
0.0167484
-0.166818
-0.052178
-0.0284813
-0.0041961
-0.0681977
-0.0866909
-0.0848424
-0.0521396
-0.100373
-0.0963158
-0.0871501
-0.0879552
-0.142014
-0.0932931
-0.069701
-0.0603114
-0.152829
-0.0569711
-0.138208
-0.0677678
-0.0862861
-0.0166066
-0.0938812
-0.0610866
-0.0474932
0.059824
-0.123183
-0.0621479
-0.160724
-0.0901398
-0.279551
-0.0821222
-0.180205
-0.0632641
-0.131231
-0.0746154
-0.155844
-0.157095
-0.0939659
-0.113063
-0.0681383
-0.0312882
0.00157974
-0.0130953
0.0244667
-0.0911213
-0.226752
0.0096807
-0.0382997
-0.0459463
-0.132845
-0.0216077
0.00568457
-0.0519837
-0.095598
0.0280752
-0.0879338
-0.0875344
-0.111569
-0.0183612
-0.135717
-0.0868478
-0.125554
-0.00835339
7.66675e-05
-0.0882727
-0.11358
-0.00654876
-0.0327238
0.0485066
-0.00911569
-0.180362
-0.0243676
-0.114736
-0.150543
-0.195063
0.0228246
-0.0333016
-0.16898
-0.0716619
-0.000948876
-0.10528
-0.131246
-0.0898024
-0.160481
-0.102231
-0.131832
-0.136272
-0.0823411
-0.126775
-0.223703
-0.059224
-0.000323022
-0.0177521
-0.0497217
-0.0721671
-0.108038
-0.143422
-0.0844305
-0.0470069
-0.0472857
-0.0795979
-0.061508
-0.0837462
0.03837
-0.0847212
0.0336656
-0.0489233
-0.196341
-0.12018
-0.150989
-0.118976
-0.214365
-0.149916
-0.00864691
-0.00345624
-0.0639021
0.0318488
0.0254139
-0.112313
-0.0737788
-0.00899778
-0.0259788
-0.0516996
-0.105343
-0.0485094
-0.0637773
-0.0972071
-0.0918654
-0.109645
-0.0661134
-0.151672
-0.191007
-0.165976
-0.164182
-0.104369
-0.116986
-0.0965956
-0.102618
-0.0724141
-0.12573
0.0243854
-0.107565
-0.0702469
-0.089896
-0.010286
-0.0398813
-0.0798766
-0.0772474
0.0726452
-0.190639
-0.162001
-0.0221795
-0.150487
-0.0873292
-0.0458572
-0.217402
-0.0708231
-0.0596787
-0.153723
-0.151211
-0.207149
-0.0756758
0.0471657
-0.14457
-0.0955799
-0.0621134
-0.0889411
-0.00796895
-0.0513329
-0.0294378
-0.0822945
-0.2576
-0.169232
-0.0490216
-0.0170334
-0.113117
-0.123038
-0.114991
0.00936688
-0.184199
-0.0445821
-0.0752916
-0.0107048
-0.198459
-0.1411
-0.111492
0.0185022
-0.14732
-0.0411722
-0.121968
0.0282896
0.103843
-0.119481
-0.105752
-0.104337
0.00559003
-0.100682
-0.211975
-0.162221
-0.168445
-0.14755
-0.166948
-0.0260418
-0.00746782
-0.0745143
-0.205903
-0.0361336
-0.129547
-0.0595402
-0.026097
-0.130507
-0.0861735
-0.0695
-0.148425
0.0843072
0.02528
-0.0460308
-0.105276
-0.0955852
-0.116368
-0.0820257
-0.0862997
-0.0400411
-0.132827
-0.127916
-0.179248
-0.0444842
-0.182949
-0.0393317
-0.0974365
0.0270995
0.0242129
-0.0470335
-0.0710767
-0.0750182
-0.0469764
-0.067027
-0.0579919
0.003126
-0.0294034
-0.0719292
-0.142668
-0.0385966
-0.0355336
-0.0382745
-0.124098
-0.159058
-0.142443
-0.00219898
-0.104112
-0.132142
-0.133719
-0.134304
-0.0964172
0.0244183
-0.275448
0.0361926
-0.0115363
-0.0601681
0.000555934
-0.0275194
-0.102185
-0.0394275
-0.044361
-0.0637264
-0.129698
-0.0704131
-0.118061
-0.0505703
-0.191793
-0.100603
-0.0682246
-0.0823428
-0.170267
-0.134615
-0.153961
-0.0601095
-0.121649
-0.114465
-0.0382734
-0.0526435
-0.0822276
-0.100036
-0.0813473
-0.058236
-0.0879151
-0.0595228
-0.0658173
-0.0497531
0.00367533
0.0663772
0.0294813
-0.135096
-0.104027
-0.0761899
-0.0914221
-0.190683
-0.176935
-0.0820875
-0.1345
-0.116188
-0.145382
-0.0995546
-0.0982307
-0.108586
-0.0797112
-0.0845919
-0.023796
-0.138447
-0.060801
-0.178213
-0.10502
-0.17807
-0.0689809
-0.0539244
-0.0830968
-0.0248947
-0.137121
-0.121499
-0.124221
-0.122503
-0.130155
-0.240737
-0.0235158
-0.1266
-0.0896382
-0.056203
-0.0558199
-0.0579565
-0.0399781
-0.020582
0.0109543
-0.0841494
-0.0379108
-0.0404068
-0.0927978
-0.0214093
-0.0849856
-0.0377145
-0.0584159
-0.00290986
-0.185102
-0.143238
-0.119535
-0.120177
-0.0530705
-0.120256
-0.0930076
-0.123955
-0.130464
-0.102753
-0.105369
-0.0388172
-0.00680369
-0.0208727
0.0314371
-0.0612696
-0.0942999
-0.0610539
-0.0780996
-0.0990474
-0.0878597
-0.0453369
-0.0166431
-0.0358561
0.0214962
-0.165105
0.0697639
-0.173846
-0.207079
-0.248264
-0.185881
-0.126011
-0.129048
-0.221714
-0.132937
-0.182281
-0.0637392
-0.0837359
-0.0201513
-0.143688
-0.151713
-0.377857
-0.085518
-0.0934383
-0.0198929
-0.113289
0.00518173
-0.101866
-0.20293
-0.0597557
-0.153589
-0.1521
-0.0830569
-0.101897
-0.193183
-0.205365
-0.167671
-0.130702
-0.125554
-0.188474
-0.0381326
-0.0979241
-0.0803209
-0.0852982
-0.121994
-0.136403
-0.0435331
-0.120401
-0.0569892
-0.0896462
-0.143795
-0.162979
-0.123534
-0.100062
-0.17812
-0.138081
-0.194012
-0.161679
-0.146709
-0.228362
-0.125473
-0.225985
-0.212562
-0.213975
-0.0947055
-0.156177
-0.0906385
-0.108679
-0.0474501
-0.108182
0.0578975
-0.158504
-0.0905906
-0.103925
-0.0911093
-0.0910862
-0.137143
-0.124898
-0.229789
-0.109268
-0.162043
-0.137096
-0.109444
-0.121902
-0.153861
-0.217957
-0.184368
-0.0993135
-0.0281686
-0.0482752
-0.0377886
-0.0960376
-0.0967615
-0.0993847
-0.0883271
-0.0281356
-0.0205715
-0.166458
0.00109742
-0.168438
-0.0995451
-0.00150536
-0.0673444
-0.120554
-0.0521722
-0.0854222
-0.144676
-0.138996
-0.0809
-0.0819499
-0.0576488
-0.160192
-0.10213
0.00535414
-0.04717
-0.0690809
-0.149178
-0.0749501
-0.144223
0.00608679
-0.0435605
0.0837726
0.00614493
0.0046975
0.196369
-0.110687
-0.116582
0.0552266
-0.126737
-0.131615
-0.0762479
-0.177878
-0.157794
-0.125717
-0.10768
-0.114486
0.0176487
-0.0490818
-0.0159778
-0.00715494
-0.0101495
-0.08656
-0.128179
-0.0607459
-0.0570556
0.0744509
-0.0154342
-0.0202681
-0.100332
-0.041312
-0.0928127
-0.118158
-0.132128
-0.100704
-0.136349
-0.0343586
-0.133262
-0.0624569
-0.057016
-0.176424
-0.108981
0.00173256
0.082477
0.0591791
-0.0864032
0.0046825
-0.0581194
-0.113223
-0.0456655
-0.0722875
-0.0734534
-0.041504
-0.063953
-0.154522
-0.0876221
-0.081628
-0.0478018
-0.138645
-0.110976
0.0579537
-0.117785
-0.0652993
-0.0867667
-0.0935523
-0.161784
-0.124031
-0.0666781
0.000632141
-0.146414
-0.0375464
-0.0697561
-0.138062
-0.0581792
-0.194061
-0.0624582
0.00238891
-0.0572279
-0.0218061
-0.0620307
-0.179572
-0.172783
-0.134581
-0.133006
-0.125923
0.170859
-0.0888701
-0.0995059
-0.101354
-0.0309922
-0.0663401
-0.060825
-0.0758787
-0.171696
-0.0866672
-0.0441425
-0.0521694
-0.125691
-0.111069
-0.104019
-0.0405999
-0.121801
-0.114004
-0.162774
-0.126828
-0.0770995
-0.121123
-0.144192
-0.111692
-0.111523
-0.211127
-0.0501635
-0.113273
0.0472386
-0.0549455
-0.0939399
0.0395806
0.0441227
-0.0353819
-0.0500046
-0.113441
-0.0872878
-0.10193
-0.0710939
-0.17957
-0.12446
0.0115819
-0.0819475
-0.103192
-0.128979
-0.126923
-0.181534
-0.125358
