0.026147
0.283328
-0.107561
0.00750772
-0.206785
-0.425443
-0.234552
0.429141
-0.136816
0.321877
0.628586
0.292666
-0.191929
-0.127191
-0.0774122
-0.100795
-0.467929
-0.319294
-0.386949
-0.0673721
-0.0829978
-0.0124649
-0.385701
-0.0294829
-0.49892
-0.176228
-0.00432752
-0.403233
-0.361125
-0.136038
1.12113
-0.0854598
-0.0446203
-0.0365584
0.013437
0.0717795
0.0610612
-0.342489
0.179032
-0.0123705
0.0151011
-0.219731
0.0596118
0.156377
-0.0474518
-0.182101
-0.0741707
0.00917749
-0.395586
-0.213719
-0.39815
-0.0749432
-0.707337
-0.175511
-0.680942
-0.257982
-0.157095
-0.0138592
0.0537686
-0.0712501
-0.0435963
0.215362
-0.000525466
-0.0354275
-0.078663
-0.30184
0.506088
0.241444
-0.203251
-0.110698
-0.293444
-0.118475
0.462931
-0.0465257
0.0307857
-0.410828
-0.160215
-0.0926309
0.0234811
-0.0124638
-0.473952
-0.223067
-0.101255
-0.0420371
-0.117889
-0.163225
-0.0965597
0.049332
-0.149652
0.0267617
0.0245321
0.0902254
-0.103022
-0.100239
-0.115711
-0.0551476
-0.101405
-0.154465
-0.103799
-0.0351396
-0.159559
-0.0794588
-0.103896
0.155696
-0.113882
-0.115034
-0.300184
0.217954
-0.0158402
0.0440727
-0.168207
-0.186946
-0.174668
0.00667583
-0.348566
-0.0477805
0.385687
0.430955
0.287123
0.182989
0.375151
0.177972
0.522204
0.0218643
-0.216971
-0.0503753
-0.251379
0.153533
0.10691
0.225725
0.063547
0.138303
0.0101275
-0.0367552
-0.447083
-0.0115907
0.0361714
0.11552
0.0507931
0.0700798
0.0628684
0.324417
0.335297
-0.0937452
-0.0989855
-0.162167
-0.33039
0.0314874
0.18041
-0.138153
0.33648
-0.0667559
0.320649
0.0893506
-0.018294
0.114944
0.241354
0.0243619
-0.197511
0.000900105
0.0805432
-0.336559
-0.408541
0.127971
-0.050716
-0.108987
0.0215526
-0.0651252
-0.216499
-0.124068
0.239755
0.323417
0.0195985
0.000976098
-0.499305
-0.229085
0.11516
-0.0639604
-0.114632
-0.711342
-0.12913
-0.239877
0.0716076
-0.263107
-0.215272
0.437477
0.0185154
0.0747807
-0.0723344
0.20805
0.0796801
0.215637
-0.0952087
0.00125123
-0.0877138
0.0488207
-0.164955
-0.110227
-0.20795
-0.323715
-0.304436
0.00846173
-0.221253
0.0453702
-0.171544
0.0194718
-0.204804
-0.219599
0.0222764
-0.326572
-0.199901
0.00321872
-0.192966
-0.0162126
-0.0501343
-0.0105145
0.0213137
-0.19936
-0.29089
0.0513955
-0.174498
0.150534
-0.187717
0.617935
-0.178996
-0.0480528
-0.0641928
-0.832519
-0.229337
-0.0177288
-0.339216
0.152089
0.0934817
-0.225895
0.0972635
-0.170371
-0.182614
-0.0492926
-0.147914
0
-0.478666
-0.168219
-0.183182
0.110006
-0.129759
-0.109145
-0.190815
0.135326
-0.184777
-0.30943
-0.0391307
-0.159107
-0.224396
-0.333023
-0.159758
-0.5046
-0.383476
-0.0320026
-0.00828241
-0.0186712
-0.33403
0.161268
-0.0725507
-0.281557
0.0150142
-0.0102489
-0.30661
0.0116461
-0.0803332
0.459951
-0.134956
-0.314439
-0.0650036
0.278419
-0.177117
-0.0961795
-0.196295
-0.0200184
-0.316714
0.0403129
-0.34887
0.481674
-0.1729
-0.526348
-0.106717
-0.0612571
0.288023
0.80389
0.381806
0.00661709
-0.535995
-0.509223
-0.163634
-0.24913
0.0106301
-0.197686
-0.933112
0.249392
-0.262708
-0.0140107
-0.222907
0.0650986
-0.452154
-0.392498
-0.0182166
-0.0246225
-0.374759
-0.236292
-0.443176
-0.167106
0.0312289
-0.546554
0.0821075
0.65587
-0.132117
0.19586
0.067612
-0.0644772
-0.0251835
0.136614
-0.202105
-0.0678977
-0.0934828
-0.031149
0.205516
-0.0439055
-0.0313968
-0.462595
-0.168671
-0.0790281
0.0325583
0.110511
0.0546559
-0.0459076
0
-0.0205578
-0.262385
-0.00299172
-0.148515
0.0855651
-0.067213
0.14199
-0.153999
-0.406096
-0.0263289
0.294371
-0.0800551
-0.276008
-0.0745114
0.126841
0.00547665
0.0310836
-0.199936
-0.318951
0.00747963
-0.00379506
-0.198593
-0.047994
-0.54274
0.178461
-0.221849
0.00134915
-0.204794
-0.170185
-0.0557552
-0.143752
-0.255976
0.0208218
-0.235102
-0.176632
-0.133894
-0.461588
-0.0309491
0.104328
1.08791
-0.40732
-0.375457
0.21167
0.100299
0.0128636
-0.332672
0.0430204
0.204415
-0.00942345
-0.172319
-0.0340507
-0.126715
-0.337242
-0.198277
-0.263602
-0.189194
-0.0940188
-0.159513
0.024201
-0.214778
0.166436
-0.056685
0.151651
-0.115158
-0.170798
0.196281
-0.076472
0.0772971
-0.364262
-0.390887
-0.346588
0.132479
0.22507
-0.796347
-0.451529
-0.244302
0.887036
-0.0288434
0.699067
-0.215947
0.164203
-0.127628
-0.231197
-0.136754
-0.0895965
-0.0927541
-0.0557395
0.221567
-0.755581
0.111313
0.0393078
-0.0923736
-0.300723
-0.103025
0.249096
-0.291326
0.138727
-0.015943
0.0613156
-0.265558
0.0606875
-0.0887265
-0.0598387
-0.0881361
-0.0564347
-0.137633
-0.351407
-0.0237422
0.0597386
0.0449361
0.214713
-0.0522168
0.0327383
0.0673087
-0.475686
-0.122674
0.0222861
-0.143744
-0.0526363
-0.263805
-0.148101
-0.0602444
0.0293286
0.347994
0.272028
0.414373
-0.164572
0.0570083
-0.0914471
0.148623
-0.0950941
-0.246112
-0.152951
-0.0136504
-0.0335411
0.146028
-0.113258
-0.0278456
-0.157269
-0.165886
-0.291245
0.0654852
0.865112
-0.107917
0.269143
0.0547763
-0.11754
-0.251204
0.245337
0.406339
0.0904092
-0.0260916
0.1557
-0.170159
-0.305592
-0.22284
0.00588064
-0.0250405
-0.00557444
-0.0787715
0.331049
0.11169
0.0353353
-0.280573
0.156561
-0.534985
0.146639
0.15565
-0.173388
0.125209
0.245253
-0.269809
0.105285
0.309413
0.185955
0.107165
-0.113903
0.117597
-0.122966
-0.623477
-0.0844316
-0.0479668
-0.159586
-0.099508
-0.0675668
-0.128155
0.309756
-0.261429
-0.246768
-0.0785286
-0.154922
-0.234223
-0.174582
0.0184834
0.188373
-0.0284601
-0.147148
-0.248507
-0.174057
0.0329091
-0.153815
-0.0695901
0.297432
0.0740645
0.0829185
-0.187476
-0.195974
-0.0745706
0.0123067
-0.157425
-0.164987
-0.200787
-0.257543
-0.336227
-0.134614
-0.0683653
-0.108018
0.0128012
0.123495
-0.204372
-0.0598828
-0.318108
-0.103647
-0.318818
-0.230303
-0.241168
-0.142599
-0.027095
-0.275017
-0.31699
-0.278754
0.0736688
-0.00589421
-0.535202
-0.247492
-0.651115
0.153837
-0.177791
-0.0907345
-0.160411
-0.225992
0.323155
-0.257417
-0.126178
-0.374864
-0.0934719
-0.199666
-0.0928876
0.327328
0.0699168
0.422572
-0.233842
-0.164151
-0.0972212
0.0328235
0.00350234
0.0711429
-0.806796
-0.0621874
-0.146726
-0.000751783
-0.0517553
0.0737457
-0.0168566
-0.430234
-0.364971
-0.339891
-0.233958
-0.240905
0.342907
-0.15556
-0.0756533
-0.300691
-0.111745
-0.127144
0.0956597
-0.185952
0.0639268
0.0842815
-0.258945
0.653135
-0.211119
-0.32226
0.50639
-0.133767
-0.440393
-0.605748
-0.13211
0.652507
-0.00861567
-0.892294
-0.879831
0.294307
-0.36553
-0.0139409
-0.137572
-0.023633
0.0170917
-0.173505
0.0141981
-0.445339
-0.20433
-0.0184572
-0.139079
-0.0743824
-0.0944006
-0.12593
0.0305988
-0.0476221
-0.159868
-0.107809
-0.298415
-0.530392
0.0694145
-0.264077
-0.157103
0.0321153
-0.138346
0.0214626
-0.0423911
0.0541461
-0.128809
-0.025394
0.024564
0.146465
-0.144341
0.0620767
-0.112026
-0.244928
-0.515024
-0.124939
-0.262712
-0.198772
-0.196565
-0.190441
0.0354865
-0.293764
-0.381285
-0.377466
-0.229633
0.0987124
0.105718
0.545737
0.289089
-0.0302085
-0.136082
0.177738
-0.0384765
0.0613319
-0.129223
-0.164102
-0.194844
-0.218578
-0.188714
-0.132177
-0.1109
0.0302799
0.0622043
-0.0376344
-0.0866371
-0.248532
-0.194229
-0.118696
-0.150319
-0.135547
-0.0225073
0.287641
-0.148601
-0.405991
-0.303951
0.046711
-0.443951
-0.136699
-0.0631896
0.0905466
-0.0632446
-0.0233816
-0.0864446
0.0957119
-0.24698
-0.258776
-0.250131
-0.28193
-0.553023
-0.161142
0.0624616
-0.180287
0.141044
-0.0114117
0.00913598
-0.158062
-0.0993028
0.0653816
-0.0961407
0.537256
0.584059
-0.243381
-0.299675
0.087619
-0.0562781
-0.14738
-0.308048
-0.182815
-0.0522063
-0.177527
-0.438679
-0.0125346
-0.136583
0.116887
-0.0205337
0.000345078
-0.186853
-0.197366
-0.2906
-0.0635417
0.016653
0.396775
0.441355
0.199088
0.0606556
0.141674
0.0548519
-0.28603
-0.178073
-0.219448
-0.0212035
0.199556
0.136504
-0.166925
-0.204979
-0.591964
-0.317784
-0.300147
0.0539276
-0.39454
-0.109639
-0.0775189
0.168629
-0.106477
-0.0197586
-0.0584052
0.00321872
0.0460579
-0.0672857
-0.0706238
-0.0789454
-0.190464
-0.102953
-0.077066
-0.065878
-0.0316164
-0.100137
0.0318626
-0.124684
-0.163919
0.150582
-0.159282
-0.277009
0.00813234
0.0703517
0.0530675
0.025785
0.213578
0.393682
-0.497351
-0.186965
-0.0436367
-0.0406286
0.0316292
-0.217576
-0.343022
-0.0923958
-0.064395
0.287573
0.241868
-0.2355
0.025209
-0.0622402
0.000372339
0.00561579
0.119406
-0.338321
0.0469804
0.062351
-0.433252
-0.151068
-0.0552554
-0.0321
-0.0645871
0.232951
-0.362287
-0.527954
-0.606508
-0.00639949
0.148752
-0.375755
0.0961547
-0.122047
-0.0889134
0.0424489
-0.0515547
-0.121679
0.0815855
0.113643
0.0679699
0.00917425
0.195688
-0.0260185
-0.0819993
0.190604
0.229698
0.0716102
0.510527
-0.120026
-0.0691691
-0.0197772
-0.0257719
0.0178614
0.0784035
-0.0498808
-0.113917
-0.0415936
-0.089588
0.519196
0.322454
-0.0691203
-0.106826
-0.229398
-0.082462
-0.00344682
-0.0820902
-0.197863
-0.0542458
-0.0756772
0.33686
0.185075
-0.0451682
-0.0441038
-0.208136
-0.367451
-0.00626396
0.0868208
-0.356287
-0.11984
-0.0309512
-0.49624
-0.153586
-0.257338
-0.278068
-0.246526
0.0577728
-0.274218
0.186281
-0.263873
-0.154186
-0.245179
0.389113
-0.185934
0.217451
0.173301
0.242111
-0.354942
-0.269781
0.837308
0.43213
0.177637
-0.125846
-0.165184
-0.301773
-0.197871
-0.308749
-0.196548
-0.072773
-0.059971
0.111215
-0.149186
-0.221389
-0.257399
0.112496
0.254707
0.0211614
-0.141345
-0.214327
-0.277471
-0.0571939
0.20182
0.132885
-0.0375893
-0.173475
0.102919
-0.122968
-0.0251453
-0.0355355
-0.232969
-0.168747
0.554047
0.954125
-0.108339
-0.104138
0.0742384
-0.448935
-0.156826
0.746205
0.0401386
-0.288712
-0.188365
0.0824137
0.0479175
0.433674
-0.0374753
-0.219321
-0.105319
-0.13449
-0.301439
-0.196295
-0.338284
-0.216147
-0.200615
-0.0650382
0.059341
0.00979653
-0.341066
-0.181014
-0.109144
-0.251989
-0.00703543
-0.16481
-0.149853
0.0539073
-0.172275
-0.332356
-0.465149
-0.0714301
0.0673929
0.0170897
0.147478
-0.0454239
0.0119934
0.0775565
0.112904
-0.00729205
-0.0232524
-0.0488152
-0.89912
-0.15113
-0.0435925
-0.125522
0.200915
1.00328
0.0319692
-0.181482
-0.0676614
-0.0153456
-0.308919
0.0445714
-0.221562
0.250161
0.201468
0.0534864
0.102166
-0.100402
0.185196
0.0409788
-0.415049
-0.214532
-0.303433
-0.293281
-0.137485
-0.558437
-0.520354
0.233874
0.115056
1.13199
0.247922
-0.00185628
0.302269
-0.00626469
-0.133558
-0.0729345
-0.0551304
-0.25218
-0.194977
-0.411522
-0.0631109
0.0658222
-0.0584064
-0.0641175
-0.0436994
-0.382001
-0.280294
-0.168291
0.159994
0.0941501
-0.19735
-0.0668535
0.157164
0.164005
0.199084
0.0336882
0.577267
-0.530211
0.126888
0.068938
-0.0839261
-0.111288
-0.0479676
-0.114468
-0.753008
0.0837399
0.464496
0.396064
0.156926
-0.676557
-0.362929
-0.217328
-0.0372116
0.352483
-0.108615
-0.011281
-0.0535777
-0.161109
-0.510007
0.533409
-0.0567369
-0.284881
0.0802742
-0.183771
0.142324
-0.164382
-0.229962
-0.543579
-0.533832
0.26916
-0.081613
-0.451349
0.074246
0.192076
-0.169305
-0.21837
-0.0436039
-0.229894
-0.306707
0.100074
0.0812578
-0.0929073
-0.348046
0.428229
0.168801
0.036194
0.291079
0.0960924
0.0846574
-0.0790526
-0.0173338
0.141756
0.0369895
0.173501
0.0995267
-0.244948
-0.0547224
0.200398
0.434689
0.0214269
-0.0114798
0.0117468
-0.00869856
-0.0728411
-0.101594
0.452225
0.314865
1.04866
-0.186093
0.00228319
-0.254612
0.382349
0.592281
0.0387594
-0.162499
0.236008
-0.0469401
-0.572016
-0.200431
-0.458045
-0.123698
-0.198061
-0.0160404
-0.598327
0.301283
0.155466
0.0580696
0.0109574
-0.104825
-0.204309
-0.239199
-0.202079
-0.191627
-0.136282
0.0516497
0.0394922
0.121693
0.168336
0.00113687
-0.0551315
0.006656
0.328423
0.464109
-0.265766
-0.0774983
-0.165465
-0.273383
-0.382697
-0.634845
-0.606245
-0.241686
-0.431491
-0.0277567
-0.12934
0.126106
0.0292727
0.0582997
-0.0141909
-0.197319
-0.0979517
0.0790753
0.204575
0.0571011
0.0701912
-0.261063
-0.306193
-0.0702118
0.335272
-0.287755
-0.0674758
-0.113687
0.330824
0.462736
0.316505
0.502189
0.11941
-0.0459285
0.233469
-0.450539
0.0587373
-0.0686764
-0.0292388
-0.0398397
-0.0788517
-0.123631
0.528781
0.0845836
0.12155
-0.0375514
0.0301232
0.118387
-0.0319442
-0.117441
-0.0279206
-0.0181778
0.0896892
-0.0772321
-0.0609061
0.123236
-0.0337694
0.203162
0.202239
-0.00752618
-0.410174
-0.296216
0.111441
0.066407
-0.0480587
-0.181802
-0.017623
-0.218379
-0.100933
1.08151
0.268105
-0.0434657
-0.0326758
0.0442479
-0.354926
0.173632
-0.0372623
-0.388171
0.183306
-0.0894416
-0.275562
-0.130978
-0.14595
-0.166661
-0.408757
0.013266
-0.260661
-0.151568
-0.27739
-0.0138912
0.404005
0.422885
0.389491
0.396373
0.188439
-0.387239
-0.0890959
0.506041
-0.110541
-0.0814425
-0.0238815
0.494536
0.598289
-0.0594034
-0.0537546
-0.296021
-0.318921
-0.23375
-0.179209
-0.159701
-0.0549841
-0.0437515
-0.0774265
-0.189577
-0.208038
-0.217952
-0.283815
-0.164366
-0.214954
-0.0135858
-0.0407225
1.01514
1.04056
0.0599489
-0.149801
0.362602
0.388581
-0.021011
-0.106974
0.00609975
0.149262
-0.117082
0.16858
-0.21388
0.0390159
-0.115091
1.31376
0.0661388
0.168985
0.045615
0.099744
-0.0231613
0.0780078
-0.0777663
-0.311821
-0.102026
-0.0315873
0.0431607
0.278094
-0.252922
-0.265122
-0.185932
-0.00296449
-0.151893
-0.145261
-0.185504
0.15375
0.154189
0.15194
-0.0717225
0.0475484
-0.0430012
0.00415331
-0.0348649
0.214489
-0.0827739
-0.188767
-0.208035
0.831751
-0.195042
-0.192776
-0.452826
0.10022
-0.121892
0.297289
-0.0510379
0.528097
0.229539
0.0442257
0.0712806
-0.27262
0.102347
0.244613
-0.0376436
0.258233
-0.123535
-0.146306
-0.113621
-0.082542
-0.299244
-0.114828
-0.0229974
-0.0260057
-0.226821
-0.192946
-0.1877
-0.314764
-0.17848
-0.189921
-0.198013
0.189818
-0.235795
-0.272502
-0.0805448
-0.445845
-0.146128
0.509494
0.483481
0.126565
-0.166509
0.384796
0.185095
-0.117998
0.138843
-0.0346819
0.0717003
-0.216479
-0.170928
0.282041
-0.4706
0.0997578
0.13071
0.594789
-0.296443
-0.0163395
1.11944
0.188015
-0.252338
-0.181277
-0.0592029
-0.266224
-0.271826
0.15688
-0.596094
0.0828774
0.0980012
-0.579648
0.250177
-0.257065
-0.409839
-0.384004
0.203069
-0.29755
0.00456499
-0.0405984
0.154077
-0.139428
-0.335207
-0.345543
-0.368905
-0.254404
0.0293487
0.118442
-0.0987768
-0.0107905
0.0261965
0.155247
0.065799
0.0306444
-0.103768
-0.206495
-0.019716
-0.341223
-0.253195
-0.282849
-0.252557
-0.00296449
-0.0350967
-0.560188
-0.634095
-0.121384
-0.12326
-0.226286
-0.00247719
-0.173127
-0.161112
-0.147324
-0.139692
0.155128
-0.139068
-0.102685
-0.269903
-0.272285
-0.424587
-0.352961
-0.0702537
-0.116557
-0.131672
-0.0632818
0.512079
0.376186
0.181352
-0.236025
-0.0230413
0.0176863
0.483591
0.316622
1.18717
-0.408465
-0.0443921
-0.1345
-0.12803
-0.0874764
0.0106231
-0.0876314
0.0573282
-0.0951809
-0.112408
-0.0087942
-0.308081
0.0342031
-0.0288674
0.127877
-0.207906
-0.185037
0.0866512
-0.0352232
-0.108839
-0.0803756
-0.0413927
0.1328
-0.112813
-0.681762
-0.16473
-0.16813
-0.246539
-0.245475
-0.139291
0.0720557
-0.0587191
-0.0737862
0.251066
0.124315
-0.207175
-0.288297
-0.0447637
-0.0862937
-0.122366
0.0173504
0.0642328
0.152158
-0.0999741
-0.252937
-0.31977
-0.0317725
-0.165794
0.160517
-0.245372
-0.505886
-0.0689762
0.363978
-0.326943
-0.0670059
-0.389153
0.0438275
0.0016389
0.103669
0.515466
0.118405
0.310757
-0.0169551
0.285218
-0.238307
-0.323021
-0.361903
-0.178095
0.377309
0.245888
0.00346336
0.122067
-0.110981
-0.0258725
-0.0495804
1.18079
1.01609
0.0207578
-0.00802556
0.0280105
0.0472428
-0.0920394
0.13755
-0.180233
0.143651
-0.0599457
0.0279592
-0.263018
-0.201484
-0.174532
0.364699
0.317105
-0.238293
-0.307651
-0.188692
0.0512082
0.188282
-0.0977795
0.0783253
0.0461584
-0.141276
0.225187
-0.137904
-0.227466
0.0847765
-0.261119
-0.424175
-0.124229
0.464
-0.444693
0.0346567
-0.0212238
-0.114939
-0.0787479
0.560482
-0.120594
0.323712
-0.127493
-0.0791813
-0.574835
-0.216591
-0.0025572
1.25002
0.21889
0.493335
-0.142849
-0.0411396
-0.0290206
-0.0106092
-0.381319
-0.0508178
0.317289
-0.13356
-0.129438
-0.260276
-0.10269
0.299816
0.121143
0.300815
-0.458361
0.539677
0.155485
-0.151268
0.131725
-0.100115
-0.123622
-0.147484
-0.0472435
0.0959556
-0.189918
-0.332333
-0.360316
-0.191259
-0.604861
0.0657301
-0.272107
-0.316976
-0.0265611
-0.132785
-0.0971257
0.539925
-0.045996
0.108292
0.0563709
-0.56649
-0.0488803
-0.148262
-0.0702948
-0.00170644
-0.00996895
0.179887
-0.0419529
0.0915653
-0.0533137
0.104909
0.173419
0.120657
-0.140073
-0.0371259
0.52686
0.148775
-0.0202892
-0.448301
-0.112728
-0.1589
0.102675
0.183679
-0.0505254
0.215296
-0.125888
0.129969
-0.225447
0.274432
0.081868
-0.131623
-0.176091
-0.12113
-0.659231
0.351741
-0.0929819
0.278437
0.574423
0.0764652
-0.496822
0.137915
-0.0849011
-0.0778548
-0.0578146
-0.0732584
0.0203561
0.319754
-0.303235
0.441681
-0.133728
0.452711
0.197852
0.0411023
-0.146802
0.148978
0.0285132
-0.313532
0.663188
-0.225332
-0.114904
0.21345
-0.156584
-0.0499367
-0.488455
-0.030976
0.106711
-0.100569
-0.0955986
-0.136838
0.0659813
-0.673596
0.103588
-0.324948
-0.212509
0.252103
0.118851
-0.271546
0.15217
-0.0309589
-0.61147
-0.522393
-0.100612
-0.74624
0.286236
0.123407
0.447979
-0.0676331
0.0126044
-0.00797607
-0.587003
0.132167
0.0244008
-0.0930442
-0.0872643
-0.119328
-0.192965
-0.338295
-0.20222
0.148273
0.312231
0.534518
0.124615
0.254588
-0.110274
-0.313428
-0.0636691
-0.331601
0.0660699
-0.146541
0.0532616
0.164122
0.51016
0.418377
-0.221253
-0.198976
-0.00325759
-0.0422992
0.148404
-0.757261
-0.32099
0.0886256
0.138475
0.994251
0.235517
-0.215626
-0.181315
-0.106016
-0.261011
0.241171
-0.0568081
0.227685
0.692808
0.0596774
-0.597627
0.0591913
-0.103233
0.208727
-0.169835
-0.0703399
0.432646
-0.448764
0.243731
-0.398268
-0.0498217
0.100241
0.321573
-0.717572
-0.659847
-0.0483563
0.0313733
-0.0205848
-0.22857
-0.154926
-0.108972
-0.189106
-0.217754
-0.0090079
-0.108251
-0.0460907
0.0378856
-0.376183
-0.306386
0.440383
0.215496
0.16356
0.0965132
-1.07887
-0.163151
-0.0297178
-0.183688
-0.264235
-0.0161128
0.269212
-0.258162
-0.619523
0.0139742
-0.205615
0.0317918
-0.201455
-0.0596316
0.0948281
-0.00616388
0.0183613
-0.226026
0.0560976
-0.0827823
-0.00451089
0.0583311
-0.140725
-0.0949755
0.22209
-0.47913
0.000388168
-0.0904373
-0.0163008
1.10119
0.526444
-0.132827
0.483091
-0.0482764
-0.316372
-0.134199
-0.178439
-0.08266
-0.144683
-0.00406698
0.0974007
-0.115142
-0.238577
-0.0613213
-0.370697
1.073
0.187341
0.00328598
0.215912
0.0832548
0.436765
0.117082
-0.119271
-0.124257
0.530689
0.520654
-0.307296
0.314177
-0.0967324
-0.0427169
0.182931
0.0282505
-0.164784
0.0633756
0.00647772
-0.0271833
-0.112572
-0.0211136
-0.158885
-0.0664462
-0.0693019
-0.0410315
0.0917704
-0.0252996
-0.373698
-0.253684
-0.124939
-0.183367
-0.0982307
0.401996
0.563361
0.045916
-0.334766
0.346364
0.204566
-0.285193
-0.309359
0.134772
-0.141311
0.146864
-0.275687
-0.297402
-0.0104772
-0.0329361
0.396598
-0.054422
0.43132
0.309303
-0.219225
-0.108952
-0.0787482
-0.361392
-0.355352
-0.158218
-0.105038
0.192405
0.190595
0.0271523
0.0946719
0.103765
0.0271416
0.0631378
-0.052464
0.0567347
-0.0625746
0.182808
-0.0889826
-0.0203061
-0.251166
-0.110637
-0.297283
-0.0333773
-0.360963
0.198772
-0.000805723
-0.487359
-0.5056
0.147452
0.0305381
0.275396
-0.0731004
0.0419484
-0.0518513
-0.33105
1.23891
-0.120217
-0.0900401
0.2007
0.157779
0.581754
0.0540942
0.203516
-0.833316
-0.126503
1.0827
0.365675
-0.0695964
0.0666201
0.419542
-0.0109216
0.197198
-0.162284
-0.132441
-0.120327
0.0842832
0.101098
-0.143726
-0.0283213
0.250264
0.0110513
-0.102749
-0.146859
0.185297
-0.209735
0.182377
-0.358173
-0.14281
-0.768209
-0.670837
-0.112515
-0.116161
0.0608269
0.178438
-0.0972779
-0.0470715
-0.598483
-0.0294044
-0.189887
1.23731
0.0237578
0.120883
-0.120187
-0.0468763
-0.0384717
0.831549
0.0639945
-0.364446
-0.29443
-0.31662
-0.0818375
-0.164971
0.0333005
-0.146198
0.00848386
0.10648
-0.169934
0.0061603
-0.177911
-0.245118
-0.553381
-0.761391
0.421825
0.909091
-0.0623325
-0.182312
0.207177
-0.468479
-0.402777
-0.378355
-0.0932451
-0.0523944
-0.254247
-0.172191
-0.0814405
-0.523358
-0.458309
0.108444
0.246898
-0.482877
0.00173544
-0.240598
-0.0723053
-0.14429
0.124043
-0.722794
0.0483047
0.103914
-0.0955502
-0.0995028
0.153307
0.137451
0.376909
-0.0914471
-0.0561159
0.23562
-0.0162958
-0.000349834
-0.0782064
-0.0736204
-0.152164
-0.00640821
0.00707774
0.0103573
-0.0308766
0.610997
-0.76139
-0.373769
-0.142794
0.00648975
-0.425393
0.905921
-0.00425364
0.0170157
0.0150435
0.00105538
0.121139
-0.0466039
-0.16672
0.0527404
-0.00496341
0.157746
-0.15057
0.372445
0.195454
-0.0816771
-0.0427178
-0.0183091
-0.0978497
-0.0979486
-0.0916879
-0.0228852
-0.563244
-0.521362
0.00459952
-0.11947
-0.0625832
-0.0726026
0.0414955
0.0785102
-0.0932856
-0.193241
-0.00275475
-0.062911
-0.147625
-0.124784
0.753519
0.344694
-0.0147232
-0.169234
-0.0595372
-0.177692
-0.0612155
-0.57431
-0.0087236
0.0223438
-0.0600421
-0.217276
-0.305315
0.00417951
-0.0925452
-0.0630009
-0.225508
-0.247067
-0.063627
-0.589808
-0.250908
-0.351155
0.945119
0.177977
-0.158745
-0.0838475
-0.0168483
-0.0816444
0.164412
0.331442
-0.0743543
-0.461339
-0.0647744
-0.128501
-0.183329
-0.191032
0.0401172
0.171651
0.0341511
0.186122
-0.133838
-0.285312
0.157884
0.149148
-0.16932
-0.146416
0.377312
0.526776
-0.103941
-0.267066
-0.236379
-0.435261
-0.211555
-0.253434
1.08202
-0.129203
0.107234
0.224359
0.376344
0.277549
0.0171557
-0.550142
-0.253442
-0.977198
0.554498
-0.0786676
0.00461529
1.26558
-0.298762
-0.0143689
-0.326735
-0.148343
-0.178272
-0.671121
-0.212748
-0.242483
0.455595
0.179315
-0.0975227
0.0281207
-0.523995
-0.165919
-0.345121
-0.244165
0.0956892
0.427618
-0.398866
0.224004
0.034022
0.228053
-0.0808389
-0.146008
-0.0279367
-0.190051
0.318544
0.0216338
0.0946627
0.211151
0.146585
-0.00278294
0.41868
0.154189
-0.121524
-0.0629137
-0.111014
-0.0744968
-0.444765
0.0668414
0.0253644
-0.00629156
-0.0629598
-0.0430965
-0.0299934
0.102398
0.471359
-0.0950637
-0.11043
-0.143748
-0.551257
-0.116428
-0.254394
-0.0823513
0.368749
0.24977
0.605344
0.143944
0.0358189
-0.152336
-0.207861
-0.633728
-0.229224
0.0621479
-0.107352
0.724814
-0.00738685
1.09079
-0.147657
-0.526168
-0.0963702
-0.286916
-0.113012
-0.275368
-0.0727471
-0.0175649
-0.14299
0.0671669
-0.0650769
-0.110483
-0.141886
-0.0518433
0.00684658
0.104428
0.0503739
-0.256549
-0.207681
-0.679416
-0.153788
-0.184156
-0.149424
0.27369
0.192252
-0.1992
0.330095
0.17173
-0.061878
0.0679769
-0.175533
0.0350059
-0.379091
-0.284526
-0.302627
-0.012258
-0.0630165
0.0422043
-0.419407
-0.308626
-0.194034
-0.158341
-0.0674335
-0.0441187
-0.100649
-0.611752
0.370831
-0.0487388
0.218733
0.295454
-0.208934
0.0278012
-0.0773173
0.0795264
-0.0409185
0.0826616
-0.0921596
0.223002
0.172121
0.310088
0.221495
-0.0279045
0.0122472
-0.638545
0.628573
-0.13681
-0.295223
-0.0629044
-0.264136
0.0531997
1.1848
0.0275332
-0.287819
-0.0779807
-0.369941
-0.253059
-0.450982
-0.221268
0.060261
-0.260412
-0.289858
-0.428628
-0.176908
0.0246927
-0.0971789
-0.0579374
-0.409104
-0.0704218
-0.102662
-0.0839618
0.117036
-0.0987119
-0.117657
-0.0795019
-0.165745
-0.108137
-0.64884
-0.195361
-0.588716
0.00328392
-0.00610258
-0.229337
0.218002
0.0759625
0.0944341
-0.178479
-0.0723953
-0.00673341
-0.161122
-0.0817683
0.515352
-0.3997
-0.115239
-0.159548
-0.30147
0.11101
0.110318
0.00799757
0.0628816
0.707222
0.381938
0.366479
0.150459
-0.149719
0.187165
-0.150504
-0.0264697
-0.175975
0.0395943
-0.538816
-0.142343
0.0239496
0.20194
0.0381768
0.168705
-0.498183
-0.0469457
-0.212026
-0.0699821
-0.347356
-0.130334
-0.14355
-0.0227772
-0.105916
-0.0869785
0.059672
0.328628
-0.369407
-0.22807
-0.171481
-0.259993
0.184319
-0.0346935
-0.930184
0.115141
-0.143772
-0.0317062
-0.884445
-0.411
-0.703488
-0.297189
-0.101953
-0.00520117
-0.00501552
0.19856
0.107131
-0.196181
0.206913
-0.0652333
0.205495
-0.220104
-0.238142
-0.0527295
-0.1387
0.137127
0.0115204
-0.140557
-0.262519
-0.177186
0.178589
-0.102889
-0.252749
-0.255891
0.0145367
0.0158333
0.103981
-0.249955
-0.101728
-0.248131
-0.425628
0.362276
-0.288941
-0.160678
-0.0717661
-0.0899446
0.0017257
0.231485
-0.0229855
-0.401095
0.407547
-0.790566
-0.124642
-0.215157
-0.860749
0.119033
0.108215
0.0127561
0.340521
0.0926568
0.116396
0.105187
0.176091
-0.369702
0.405587
-0.356663
-0.494754
-0.437569
-0.0580279
-0.199689
-0.364455
-0.315011
-0.313041
-0.896581
-0.0101793
-0.285762
-0.558762
-0.112058
-0.160861
-0.0731886
-0.0179976
-0.173402
-0.14843
-0.0424837
0.148163
-0.0320845
0.485787
0.993065
0.842928
0.203659
0.438863
0.482183
-0.0700292
-0.0312248
-0.139953
0.0174357
0.0152056
0.0203613
-0.320473
-0.237196
0.374937
0.267606
-0.382412
-0.0332814
-0.0833875
0.360137
-0.070413
-0.0029311
0.172429
-0.32908
-0.0975359
-0.528408
-0.346188
0.0158664
-0.0148424
0.25314
-0.0911116
0.0102037
0.120452
-0.0781897
-0.0519919
-0.300098
-0.349027
-0.12662
0.0923381
0.0765844
0.268051
0.308785
0.400516
-0.0633369
-0.24954
0.125688
0.229816
-0.0122791
0.0417056
0.753158
-0.0243558
0.0186761
0.283779
0.052897
-0.0814798
-0.322109
-0.147387
0.0845238
-0.441805
-0.409283
-0.0718268
-0.387875
0.254418
-0.078783
-0.197676
-0.20676
-0.144076
-0.155662
-0.131776
-0.104398
0.0474247
0.18147
-0.0259425
-0.158889
-0.068511
-0.0242178
-0.145457
-0.178458
-0.0581415
-0.21647
0.0941733
-0.117532
0.16776
-0.20353
0.372703
0.109664
-0.122594
-0.640962
0.125736
-0.30103
-0.31096
-0.348268
-0.242089
-0.818528
1.04519
0.0673144
0.878633
0.0287371
0.171171
-0.0469966
-0.103271
-0.183558
0.499934
-0.166237
-0.325386
-0.154322
0.136907
-0.220697
-0.081292
0.0751684
0.22393
-0.15552
-0.399755
-0.237561
-0.205513
-0.125387
-0.0861495
-0.039659
0.0287116
-0.694154
0.243922
-0.203738
0.0398323
-0.20798
-0.203716
-0.161267
-0.106876
-0.313516
-0.0883571
-0.252931
-0.0286834
-0.2097
-0.645085
-0.0533404
0.0251333
0.0817122
1.19592
1.28119
0.0652452
0.127861
0.0649297
-0.319754
-0.0474179
-0.490441
-0.15941
-0.180328
-0.409364
-0.269397
0.0923856
-0.117344
-0.13307
-0.0511525
-0.549137
-0.0420502
0.0435197
-0.0681365
0.00533972
0.116468
0.230025
-0.0971609
-0.220782
-0.20571
-0.104339
-0.0977032
-0.0817916
-0.271433
-0.312662
-0.26578
0.328105
-0.20412
-0.00342115
-0.148157
-0.36341
-0.127214
0.0743501
-0.140246
-0.118913
-0.208597
-0.131104
-0.0208184
0.085257
-0.264257
-0.156742
-0.120612
-0.186112
-0.0513437
0.0162215
-0.496506
-0.0955776
-0.11231
-0.276769
-0.100086
0.0477011
-0.251033
-0.0633276
0.15338
-0.32932
-0.256518
-0.0458611
0.288961
-0.012812
0.0832401
0.679599
-0.385401
-0.099721
-0.182874
0.01417
-0.309567
-0.0953562
0.0293405
-0.143474
-0.658408
0.0430214
-0.263759
0.260331
-0.264182
-0.268947
-0.0591067
-0.14621
-0.0867935
0.174215
-0.268531
-0.134639
-0.0465299
-0.0221501
-0.0661137
0.0443576
-0.164308
-0.26213
-0.34767
-0.298194
0.00951156
-0.302479
-0.0250624
0.225443
-0.146467
-0.15316
-0.10499
0.109941
0.158638
0.122519
-0.201194
0.12638
0.399187
-0.0597729
0.0808846
0.208925
0.158858
0.955174
-0.105827
-0.0127042
0.408159
0.398285
0.141557
0.0699603
-0.0726649
-0.211129
-0.103762
-0.0932608
-0.183392
-0.173066
0.122268
-0.243544
-0.387147
0.0919293
-0.455594
-0.0557056
-0.0175883
-0.000539851
-0.0990313
-0.0767236
0.343228
-0.328672
-0.118757
0.0435298
0.351996
0.200036
0.426973
0.956817
0.339673
-0.0853099
0.32674
0.765617
-0.156001
-0.0296707
-0.190698
-0.14384
-0.246098
-0.412985
0.144892
-0.00218108
0.488776
0.0730971
-0.00711694
-0.133158
-0.139118
0.209278
0.384064
0.407319
-0.901435
-0.225142
0.0430922
-0.0151955
-0.0589475
-0.151557
-0.0780738
0.0354448
0.181906
-0.0322767
1.36792
0.898715
-0.110498
-0.0662791
0.112853
0.0431514
-0.414476
-0.181009
-0.0739261
-0.353583
-0.140886
-0.352941
-0.205629
-0.166552
-0.0133128
-0.147373
0.128161
-0.0140456
0.703669
-0.719299
-0.0792062
0.0248966
-0.25624
0.165271
0.945545
-0.301671
-0.171515
-0.16407
-0.156642
-0.195005
-0.188912
0.082444
-0.131026
-0.0719876
0.141184
0.0222214
0.0101872
0.0390908
-0.12931
-0.00423291
-0.025904
-0.342988
-0.0827526
-0.000645765
-0.274986
-0.0669178
-0.244713
-0.164553
-0.11187
0.107018
-0.341112
-0.237461
-0.0188854
-0.760911
0.0229583
-0.0672933
-0.0521407
-0.217774
-0.037881
0.458484
0.136753
0.178074
-0.0473513
-0.175268
-0.139975
0.126441
0.941905
0.223633
-0.122812
-0.485692
-0.396102
-0.136364
0.166413
-0.140833
-0.178767
-0.339243
-0.0305134
-0.0381684
-0.193363
-0.0835989
0.160042
-0.210424
0.00961133
0.0361311
-0.223291
0.112176
-0.375359
-0.655471
-0.0389181
-0.194602
-0.189217
-0.383884
0.763614
-0.0937452
-0.101897
-0.0585227
0.0211206
-0.158959
-0.138405
-0.412121
-0.0567972
0.146425
-0.0253376
-0.0910805
-0.403906
-0.137073
0.426224
0.657066
0.130315
-0.0127535
0.223024
-0.281089
-0.152551
-0.212604
-0.35522
-0.162045
0.00213412
-0.0838752
-0.239512
-0.147956
-0.0784537
-0.323529
-0.143715
-0.159045
0.0345516
-0.212623
0.0884697
-0.142263
-0.0365914
-0.138125
-0.131279
-0.0438545
-0.150006
0.55896
-0.291899
-0.5317
-0.197259
0.00326132
-0.0201928
-0.150999
0.104613
0.0723844
-0.177342
-0.291608
-0.121112
0.161145
0.435927
-0.012139
0.125946
-0.0867935
-0.284282
0.0470614
0.149498
0.111088
-0.268238
0.524374
-0.46692
-0.403155
-0.0202192
0.0264442
-0.284324
-0.0094621
-0.00571739
-0.171432
-0.0877391
0.22565
0.4128
-0.621988
-0.30242
-0.0514986
-0.3589
-0.330399
-0.0559657
0.472476
-0.0582432
-0.148548
-0.0616232
-0.260799
0.924921
-0.178301
0.202826
0.182719
-0.429309
-0.00276919
-0.021962
-0.133441
-0.0159837
-0.368529
-0.28096
-0.209669
-0.3072
-0.227755
-0.0784458
0.898179
-0.0750927
0.123576
-0.0809303
-0.113544
-0.0709569
-0.13271
-0.198615
-0.264
-0.26803
-0.19129
0.338934
0.355699
-0.125724
-0.196429
-0.201645
-0.00796892
0.0835951
0.0783685
-0.15827
-0.410552
-0.235113
0.112621
-0.166453
-0.171569
-0.242632
0.166277
-0.0535193
0.0498867
-0.0617056
-0.0898464
0.333433
-0.229929
-0.149152
0.12311
0.16524
-0.145525
-0.186498
-0.0531529
-0.197566
0.0132283
-0.136137
-0.207896
0.186035
-0.132985
-0.230301
-0.0110384
0.116361
-0.170101
-0.204616
-0.0496043
0.17136
-0.299343
-0.0583759
-0.152632
-0.135443
-0.086758
0.0359787
-0.121489
0.0365435
-0.015435
0.194392
0.118122
0.269101
0.122649
0.095601
0.0569284
-0.0377725
0.00142161
-0.392031
0.221645
0.177417
-0.0370019
-0.178899
0.156507
0.268967
0.151268
-0.567944
0.194923
0.0727247
0.172433
0.119757
-0.165915
-0.177891
-0.0350325
-0.100288
0.157773
0.0387094
-0.37064
-0.189627
-0.0974811
0.0890088
0.0610455
0.0856607
0.0676975
-0.0959072
-0.390012
-0.20783
0.235756
0.962291
1.13474
0.0107979
0.0154901
-0.153158
0.431894
0.059925
0.509858
-0.193949
-0.117204
0.183182
0.120702
-0.170696
0.123354
-1.00119
0.120379
-0.408423
0.14773
-0.0748455
0.137915
-0.228295
0.433753
-0.521703
-0.0385849
0.0112473
-0.289333
-0.0250169
-0.00651578
-0.504404
-0.585503
0.168346
-0.124795
-0.0904703
0.207329
0.255606
0.120534
0.666946
0.18339
0.203559
0.220072
0.0121427
-0.57102
-0.317353
-0.0461925
-0.306921
-0.28058
0.290208
0.17149
-0.145448
0.00579841
0.329654
0.522627
0.272819
-0.111257
0.510368
-0.242942
-0.160538
0.00656207
-0.171948
0.194898
-0.121825
0.0490567
0.0293193
-0.444321
0.271388
-0.161959
-0.0555527
0.0274999
1.3942
-0.871494
-0.749537
-0.234
-0.252465
-0.0462649
-0.18797
-0.0796093
-0.123278
0.252289
-0.175753
-0.0819781
-0.157953
-0.136686
0.0101814
0.270586
0.119681
-0.0808057
-0.0188114
-0.0878028
-0.162215
0.0769212
-0.0533495
-0.138581
-0.329577
0.318409
0.113658
-0.117219
0.0922087
-0.181305
-0.473107
0.459871
-0.265264
-0.194728
-0.0953942
-0.379522
-0.410597
-0.167267
-0.404652
-0.604179
0.135109
0.186738
-0.161368
0.233188
-0.0297433
-0.245209
-0.309008
0.482197
-0.352407
0.206595
0.117155
0.0162104
-0.620853
-0.721772
0.714697
-0.0577428
0.018142
0.0343465
-0.216756
-0.828806
-0.158053
-0.751283
-0.165009
-0.124165
-0.204573
-0.689052
-0.647169
0.261596
-0.0778281
0.203907
0.250763
-0.855566
0.168485
0.0696202
-0.150981
0.0274161
-0.092554
0.0443955
0.151655
0.0160444
-0.0428693
0.356839
-0.38099
-0.490025
-0.335248
-0.255748
-0.0770232
-0.125528
-0.126465
-0.127243
0.0287638
-0.253267
-0.0998622
0.0415828
0.0788966
0.0780308
0.0626785
0.00851585
-0.104089
-0.1038
-0.22463
-0.0650824
-0.0807562
-0.0320782
0.177323
0.214404
0.260339
-0.574496
0.055386
-0.0626981
-0.0408797
-0.109144
0.0207236
0.367623
-0.0955598
-0.18174
-0.187036
0.0859935
0.0562295
0.0595426
-0.119651
-0.0810736
-0.0308038
-0.145432
0.0337746
0.146274
-0.415226
-0.932429
-0.0377187
-0.181436
-0.00790916
-0.0236781
0.00757071
-0.125739
-0.137805
0.381082
-0.00533389
0.0869518
-0.537723
-0.462815
0.288275
-0.0422433
-0.0655781
0.0919711
-0.0524186
-0.222082
-0.246256
-0.227754
-0.163293
0.363745
-0.0678613
0.0986032
-0.140118
-0.0728623
-0.150871
0.811741
0.224084
0.119867
0.0879276
-0.269554
-0.2914
-0.0919509
0.281331
-0.101257
-0.654392
-0.337111
-0.0733221
0.243761
-0.21419
-0.0140067
0.0422528
-0.430306
-0.201797
-0.0606979
-0.00928792
0.33089
-0.0333428
0.0261808
-0.42512
-0.148514
0.0498509
-0.213776
-0.110439
0.153744
-0.157776
-0.298519
0.0485124
0.0759913
-0.060807
-0.0541334
-0.0697035
-0.0574544
-0.223227
-0.256471
-0.261052
0.202864
-0.158037
-0.706135
-0.499858
-0.394278
0.190968
-0.159911
-0.103228
-0.179523
-0.00571496
0.155441
0.0822096
0.0580741
0.0157943
-0.486937
0.020057
0.0390867
0.178422
-0.448095
-0.386106
-0.126591
0.199668
0.425322
0.144328
-0.230341
-0.14799
-0.193293
-0.202416
-0.263102
0.0291499
0.305413
-0.0885987
-0.0843209
0.0810333
0.121112
0.173372
-0.154292
-0.321601
-0.322718
-0.355879
0.235027
0.246436
0.480573
-0.12067
-0.394557
-0.17375
-0.816098
-0.193453
-0.487805
-0.134365
0.106033
-0.128318
-0.0416895
0.127536
0.0335377
0.00742401
-0.277518
0.0899546
-0.0205927
-0.179235
0.210978
0.0955339
-0.36952
0.0440017
0.0384027
-0.166144
0.162933
0.234484
-0.84927
-0.0376828
-0.252561
-0.0311563
-0.168012
-0.126117
-0.104917
0.0650057
-0.129243
0.0106879
-0.0404618
-0.338051
0.213983
-0.0069698
-0.226774
-0.0648211
0.260595
0.145471
0.0063486
-0.0973036
-0.267124
0.0653237
-0.165036
-0.000362684
-0.582812
-0.116648
0.140708
-0.478095
-0.0438285
-0.0603764
-0.33107
-0.204604
-0.120505
0.379328
-0.23309
-0.395482
-0.182192
-0.0908074
-0.19103
-0.135937
0.334735
-0.0213033
0.00848021
-0.0890031
-0.0743392
-0.257081
-0.0838939
-0.185347
-0.197378
-0.42961
-0.119271
0.0347621
-0.0991382
-0.132601
-0.132027
-0.0624154
-0.236423
0.0471831
0.100145
-0.0121065
0.610155
-0.254737
-0.313273
-0.0763883
-0.152938
0.174717
0.206389
0.295966
0.161899
-0.00153965
0.0267038
-0.0825497
-0.00558527
-0.145247
-0.642569
-0.240623
-0.0173231
-0.134993
-0.724573
-0.220197
-0.092293
0.144089
-0.0456268
-0.239361
-0.0923209
-0.0373789
-0.227662
-0.0271146
0.178104
0.258597
-0.175693
0.0253149
-0.133171
0.0730952
0.15239
-0.0311162
0.117404
-0.0459124
-0.0387296
-0.25363
-0.104128
-0.0292073
0.0730209
0.511105
0.000333076
0.0619703
0.110502
0.115143
-0.141972
-0.251723
0.0623918
0.0308199
-0.486593
-0.146469
0.161131
-0.445329
-0.458871
-0.239594
-0.12668
0.123717
-0.0174026
-0.193625
-0.181507
0.618396
0.024487
-0.215055
0.495909
0.0126982
0.161719
-0.14147
0.102093
0.228898
0.263299
-0.0404766
-0.13483
-0.152346
0.131443
-0.307156
-0.0270007
0.652519
0.405874
0.129839
-0.0242045
-0.0243436
-0.491494
-0.0327608
0.00485742
-0.606179
-0.133127
-0.0238029
0.0674955
0.0609564
-0.0681061
0.0381577
-0.112454
-0.148897
-0.349852
-0.166708
0.0104748
0.115128
0.341028
0.0469553
-0.293302
-0.0231398
0.355838
0.0742219
0.0319887
0.13586
-0.157559
-0.406082
-0.444582
-1.21129
-1.21666
0.184042
0.0918826
-0.353213
0.0146828
-0.121355
-0.362808
-0.216872
-0.0776408
-0.123096
-0.27021
-0.624946
-0.057049
-0.0578422
-0.138059
-0.159008
-0.298023
-0.249544
0.097721
-0.29782
-0.23415
-0.534145
-0.167899
0.167832
0.0312015
-0.216269
-0.29822
-0.110397
-0.210886
-0.153756
0.042752
0.0315094
-0.596617
-0.218082
-0.21831
0.169757
0.453625
0.137051
-0.18234
-0.0450581
-0.542228
-0.162269
-0.0307395
0.210972
-0.0401643
-0.538661
-0.284188
0.273112
0.368987
0.354321
0.0808516
-0.0199252
-0.0953315
-0.0853262
0.0114771
0.0270647
0.0611012
-0.205336
0.16171
-0.167397
-0.248618
0.0641849
-0.201664
-0.252788
-0.331032
-0.593704
0.32153
-0.0175728
0.275929
0.0394287
-0.0427785
0.0555977
0.0754932
0.201779
0.196596
0.0893305
-0.0497448
0.896506
-0.109849
-0.217114
-0.0714413
0.423492
0.317475
-0.0618382
-0.589851
-0.867306
-0.132596
-0.0660541
-0.341352
-0.323544
0.0260012
0.245858
-0.214385
-0.239953
-0.162606
0.0304321
-0.132593
0.0605353
0.0048973
-0.089573
-0.0675359
0.124939
0
0.24956
-0.11961
0.206372
0.403669
-0.142533
0.0534731
0.301957
-0.0882222
-0.0625002
-0.0622428
0.0359702
0.23044
-0.207107
-0.219941
-0.17554
-0.255805
-0.245027
-0.0762896
-0.218904
0.060582
-0.0707312
-0.371124
-0.31851
-0.105302
-0.0813134
-0.101033
-0.382671
0.226255
0.0267228
-0.308746
-0.218141
-0.111974
-0.329342
-0.382993
-0.259162
-0.0411238
-0.291327
0.380875
-0.30761
-0.438463
-0.361365
-0.0842489
0.0472204
0.0756728
-0.243329
0.260863
0.0663925
0.0388133
-1.23246
0.370804
-0.512298
-0.352836
-0.238727
-0.0478033
-0.172963
-0.248405
-0.260482
-0.237637
-0.196295
-0.224551
-0.0633835
-0.0721951
-0.103108
0.60676
0.594636
0.296411
0.359417
0.561784
-0.0541185
0.0291313
-0.255611
-0.150138
-0.202248
-0.263224
0.701499
0.144354
-0.491302
0.0889411
-0.0769674
-0.124424
0.241248
0.61131
-0.15063
0.212311
0.137351
-0.521669
-0.356623
0.0793339
-0.0349175
-0.117493
0.187815
0.205499
0.194342
-0.309769
-0.170397
-0.0623581
-0.0109104
-0.0261352
0.0588515
0.129271
0.108837
-0.00065108
-0.302878
-0.202524
-0.158032
-0.442526
-0.435112
-0.129371
-0.0342632
-0.147507
-0.094005
-0.570148
-0.551286
-0.371898
-0.21193
-0.0161943
0.420825
-0.0587434
0.0676936
-0.570388
-0.597401
1.60432
1.35935
0.0481077
0.095933
-0.117996
-0.0893545
-0.117884
-0.116881
0.10039
-0.518514
0.0420225
-0.456918
-0.410304
-0.0275089
0.308594
0.106286
0.0341446
-0.0568595
0.0528214
0.189502
0.106684
0.120759
-0.0212634
-0.172744
-0.136028
-0.0257241
-0.0267292
-0.442336
-0.0978542
-0.109775
-0.395185
-0.207357
-0.190815
-0.120966
0.392477
-0.0299163
0.0353965
-0.0376704
0.0536662
-0.368684
-0.242733
-0.0277415
-0.0377058
-0.0951763
0.246693
0.204209
0.0799181
-0.167714
0.0498837
-0.376315
-0.187966
0.456887
0.0101935
-0.03004
0.0273291
-0.216908
0.204378
-0.0995881
0.0252528
-0.135694
-0.369212
-0.281026
-0.422994
-0.142439
-0.149443
-0.813776
0.917157
-0.0390278
-0.039403
-0.487599
0.785748
0.0870341
-0.140186
-0.251784
-0.172341
-0.155758
-0.0552775
-0.58364
0.0744376
-0.678537
0.07465
-0.0795854
-0.533691
-0.587559
-0.113188
-0.227431
-0.18614
-0.165885
-0.217825
-0.128168
-0.319387
-0.0633301
-0.0686228
0.183606
-0.142189
0.0367821
-0.699606
-0.721234
-0.207639
-0.10714
-0.366426
-0.267723
-0.0528326
0.163138
-0.124553
0.0431681
0.0898157
0.137955
-0.196586
0.128278
-0.707665
-0.490316
-0.115858
-0.118772
-0.012129
0.0182462
0.128461
0.848285
0.0529027
-0.122647
0.379158
-0.168458
-0.0479803
0.379093
0.259848
-0.0768172
-0.0853896
0.0482388
-0.266289
0
-0.450265
-0.18859
-0.06374
-0.171168
-0.058302
0.135757
0.582542
-0.200858
0.0212159
-0.0464617
-0.1251
-0.537134
-0.287525
-0.144135
-0.103012
-0.124476
0.0288354
-0.0737046
0.144092
0.00336664
-0.410523
-0.0988958
-0.0815891
0.482198
-0.011608
-0.847221
0.245727
-0.875878
0.0347354
-0.234169
-0.238636
-0.210361
-0.117877
-0.606645
-0.202284
-0.230712
-0.133133
-0.186445
-0.255791
-0.0463728
0.0195525
-0.621766
0.264635
-0.117386
-0.648704
0.0714911
-0.208516
-0.169521
-0.181388
-0.256826
-0.145112
-0.279311
-0.146478
-0.258213
-0.120382
-0.0413927
-0.0799617
-0.120894
-0.534599
-0.137593
-0.0846285
0.264099
-0.10947
-0.455651
-0.444597
-0.293697
-0.16586
-0.590157
0.132531
0.0545981
-0.0746336
-0.262436
0.486935
-0.00658991
-0.0460629
-0.0196284
-0.231704
0.398609
-0.239715
-0.0887365
-0.0375086
0.333372
-0.032011
-0.0640475
0.169395
0.060848
-0.689118
-0.194645
-0.253174
0.156012
-0.050357
-0.0598551
-0.0495588
0.132133
-0.029056
0.274489
0.121077
-0.126264
-0.308448
0.106026
-0.451222
0.025028
-0.238042
-0.865676
-0.0133088
0.24416
0.12682
0.25735
0.0101396
-0.138693
-0.0749025
0.0928129
0.0220731
0.17886
0.282156
0.287739
0.548747
0.471398
-0.0377886
-0.137703
-0.242538
-0.353178
-0.0709621
-0.36902
0.875847
-0.0421977
-0.237245
-0.12807
0.0999263
-0.0589778
-0.0463924
-0.104719
-0.111935
0.128094
0.207593
-0.313502
-0.386427
0.0927053
-0.904269
0.503433
0.142668
0.0290889
0.322993
0.483717
-0.119004
0.245932
-0.183162
-0.219222
-0.257125
-0.270575
-0.0724739
-0.239682
-0.226292
-0.224384
1.23942
-0.0796667
-0.075513
0.107273
0.189789
0.144002
-0.0499445
-0.25169
-0.0402022
0.110086
0.588136
0.481116
-0.0915812
-0.0952577
-0.152278
0.0295672
-0.10736
-0.136023
-0.0432841
-0.0253058
0.0488008
-0.222175
0.132407
-0.547129
-0.0775187
0.338522
-0.140098
0.456203
-0.0910401
0.194149
-0.165591
-0.195229
-0.162138
-0.318289
-0.0186753
-0.185447
0.167356
-0.634378
-0.144185
-0.137881
-0.236704
0.299666
0.112223
-0.163273
0.961899
1.14079
-0.163966
-0.0566676
0.0988532
0.519004
-0.129584
0.856705
-0.178624
0.166788
-0.331339
-0.115738
-0.327303
0.00480955
0.0421887
-0.140179
-0.495403
0.141128
-0.789915
-0.0209663
0.211328
-0.487845
0.644986
-0.0944985
-0.335792
-0.249443
-0.407188
0.0129881
0.0888196
-0.17105
-0.249242
-0.177507
-0.699311
-0.631607
0.927633
-0.149508
0.929034
-0.58958
0.0291374
0.0379123
-0.0657948
-0.278684
-0.299296
-0.537296
-0.0936576
-0.0803708
0.057333
-0.299948
0.101633
-0.173167
-0.00291473
-0.0162879
-0.819763
0.0813402
0.162834
-0.257959
0.0825993
-0.200603
-0.1743
-0.201873
-0.61342
0.243495
-0.341315
-0.275892
-0.0268787
0.222519
0.209779
-0.169478
-0.279162
0.155204
-1.00519
0.0486958
0.062198
-0.0684314
-0.0895221
-0.150463
0.327804
0.103344
-0.00513961
0.0531186
0.415083
-0.545837
-0.412803
-0.337424
-0.306465
-0.693924
0.581331
0.615678
-0.14787
-0.0662569
0.0304032
-0.0268959
0.234074
-0.185143
-0.257419
-0.313547
-0.124939
0.199869
-0.183003
-0.118288
0.291495
0.0488309
-0.23984
-0.404786
0.377038
-0.243038
-0.170859
-0.601097
-0.134617
-0.0595227
-0.28593
-0.171518
-0.0238809
-0.479563
0.0200225
-0.246227
0.115925
0.199405
-0.299958
-0.0658633
-0.112164
-0.2687
-0.470101
0.162311
0.288838
-0.129318
-0.181511
-0.284598
-0.126851
-0.0817561
-0.0357582
0.766755
0.0503468
0.144668
-0.866015
-0.210282
0.10163
0.0417359
0.70611
0.320265
0.00597563
-0.63164
-0.162506
0.259457
0.116589
-0.102538
-0.0930324
-0.0590667
0.182719
-0.00238843
0.114822
0.104162
0.123274
-0.353128
0.0102563
0.00735219
-0.037339
0.149143
0.17886
0.0965175
0.078677
0.164241
-0.0788728
-0.109232
-0.297527
-0.284263
-0.120438
0.00645578
-0.223206
-0.214477
-0.234824
-0.0748433
-0.074962
-0.0506838
-0.109687
-0.0855795
-0.0520496
0.00170646
0.0767231
0.190273
-0.0851465
-0.0359621
0.360135
-0.272406
-0.0266096
0.103278
0.0988694
0.310586
0.461837
0.524741
-0.134543
-0.474079
-0.899239
-0.131382
0.410174
0.689839
0.195692
-0.182154
0.00473781
0.160546
-0.217153
0.0255183
0.0492435
0.0206518
0.672215
-0.359603
0.11158
-0.00574116
0.0135346
0.111919
0.198189
0.205114
0.062699
-0.815462
0.0590895
0.447981
0.260173
-0.132186
0.0916237
-0.174021
0.0272896
0.0570464
-0.317956
0.0421718
-0.0965737
0.0738571
-0.233651
-0.392679
0.077526
-0.0189359
-0.151585
-0.0933167
-0.0744145
-0.0523076
-0.212616
0.335468
0.538914
0.529292
0.0868392
-0.272666
-0.089241
-0.228635
0.280664
0.250779
0.153053
-0.512775
0.123495
0.227204
-0.0634015
0.271408
0.0758804
-0.167136
-0.299704
-0.156577
0.28939
-0.20111
0.170063
-0.106275
-0.0959703
-0.0961124
-0.588541
-0.178164
-0.252595
-0.517206
0.688928
-0.0781018
0.0379953
-0.157403
-0.10847
0.289379
-0.0243711
0.0583124
-0.207113
-0.212692
0.0677575
-0.285624
0.182642
1.1459
0.121607
0.177551
-0.00640821
-0.0308962
-0.184386
-0.25681
-0.307665
-0.00791612
-0.0174258
-0.13247
0.154602
-0.0230763
0.126308
0.0545188
0.746821
0.240341
0.00155519
-0.18925
-0.234271
0.0433589
-0.227212
-0.239429
0.0853767
-0.166593
-0.503522
-0.0329687
-0.181558
0.0432966
-0.273924
-0.0721567
-0.242736
-0.351775
-0.406028
-0.0217193
-0.198865
-0.583024
-0.297567
-0.102095
-0.133046
-0.0645296
-0.072408
-0.179613
-0.147761
0.270266
-0.246952
-0.256501
-0.617244
-0.24165
-0.0871863
-0.0429282
0.564754
-0.269856
-0.742302
-0.150261
-0.0840561
-0.197663
-0.260221
0.0626468
0.0062415
-0.150112
0.313124
-0.198193
-0.274509
0.0470352
0.236656
0.130491
0
-0.131992
0.643401
-0.0542966
0.257332
0.0955859
0.40214
-0.0829275
-0.446249
-0.405345
-0.169616
-0.429283
0.0110211
-0.0345644
-0.0717041
-0.404335
-0.365989
0.067756
0.285387
-0.0546988
0.0499828
0.0222764
-0.190045
0.428498
-0.0559447
-0.0385341
-0.181429
-0.593114
0.0401582
-0.0182098
0.0880607
0.0375242
-0.195633
-0.0839102
-0.354059
-0.123669
-0.234377
0.0796129
0.356854
0.16674
-0.144084
-0.085502
0.0378485
-0.0273776
-0.293628
0.686413
-0.0950989
0.345263
-0.116561
0.0626998
0.213945
-0.245609
0.168528
1.11244
0.329411
-0.0278044
-0.366656
0.00780524
-0.253997
0.088446
-0.263462
-0.0837066
0.506861
-0.121772
-0.00453097
0.640611
0.557908
-0.0854302
-0.23687
-0.27274
0.0596389
-0.0341602
-0.00126552
-0.0623752
-0.285257
-0.106455
-0.195279
-0.000651624
0.0120419
-0.388149
-0.0720081
0.134699
-0.312796
-0.13282
-0.0303525
-0.144426
0.0469448
-0.0787919
0.344958
-0.15888
-0.0487571
-0.0880239
-0.0152511
0.0029115
-0.479105
-0.115135
-0.44241
-0.406454
0.444947
0.151042
0.361584
-0.176427
0.295157
-0.131041
-0.0561159
-0.0129522
-0.21253
-0.126799
-0.217087
0.160632
-0.0551877
0.677219
-0.31627
-0.0311664
-0.0502012
-0.173409
0.336398
-0.378002
0.343442
-0.132376
-0.227375
-0.181453
-0.117375
-0.246212
-0.0862232
-0.25947
-0.0822375
0.322256
-0.344893
-0.338123
-0.206297
-0.0335159
0.00395799
0.16607
-0.214296
-0.124588
0.238346
-0.269225
0.130613
-0.271959
-0.27983
0.135719
0.47763
0.22301
0.319676
0.11756
-0.100833
-0.0554082
-0.399212
-0.126045
0.253814
-0.060101
-0.711321
0.0623896
-0.188709
-0.233653
-0.134758
0.175521
-0.486606
-0.595095
0.188654
0.121433
-0.319405
-0.322114
-0.234585
-0.116369
0.0517269
-0.36314
0.0230327
-0.173463
0.0779025
-0.127399
-0.0830287
-0.235806
-0.13248
-0.092778
0.273135
-0.460703
0.484227
-0.206054
-0.14776
0.00429994
0.300184
-0.277797
-0.0349487
-0.184524
0.0295645
-0.163357
-0.0333679
-0.177924
0.158074
-0.20745
-0.0979552
-0.058445
-0.186017
-0.0121134
-0.0835461
-0.139349
-0.683218
-0.0534354
-0.0511781
-0.0257328
0.0818269
-0.375649
-0.418462
-0.0292296
-0.424503
-0.181009
-1.03687
0.410917
-0.229305
-0.172908
-0.300273
-0.0679083
-0.198429
-0.0477787
0.288457
0.237827
-0.280271
-0.870805
0.0827482
-0.212692
-0.149905
-0.159386
-0.257475
-0.310681
-0.0627529
0.122307
0.156607
-0.178289
-0.299663
-0.091341
-0.125094
-0.204701
-0.129596
-0.317774
-0.0795471
-0.319575
-0.194249
0.110752
0.434121
0.521075
0.454101
-0.506871
-0.174309
-0.0234811
0.452414
0.718935
-0.282163
-0.104792
-0.266713
0.2621
-0.237572
-0.179773
0.267395
-0.221849
-0.157526
-0.0989253
0.108849
-0.0104849
-0.024924
0.651644
0.446897
-0.10837
-0.329537
-0.130214
-0.164051
0.117485
0.147091
0.150357
-0.271776
-0.175961
-0.206738
-0.409114
-0.255079
-0.049873
0.0100344
-0.251637
-0.137091
-0.186838
-0.0330596
-0.0729097
-0.0242047
0.0105121
-0.0199486
-0.0345202
-0.0261565
0.0356287
-0.308338
-0.347452
-0.316555
-0.277569
0.26425
0.11057
-0.0917493
-0.465174
0.0114346
-0.63143
-0.182374
-0.00878628
-0.0292894
-0.416086
-0.58317
-0.119272
-0.167433
-0.127504
-0.399758
-0.448953
0.517782
-0.23976
0.356912
0.236626
-0.204561
-0.157924
0.0112445
0.0503502
0.0203784
0.243859
0.198983
-0.20914
0.00503667
-0.471914
-0.13284
0.113676
-0.714308
-0.0586964
-0.938545
-0.0868216
-0.471616
-0.0983026
0.479784
0.040255
-0.0864027
0.110722
0.167124
-0.128934
-0.0879902
-0.165355
-0.216417
-0.291089
0.0702495
-0.281787
-0.277744
-0.196611
0.658095
-0.273973
-0.172103
-0.61535
-0.00294439
0.0928782
-0.0517825
0.150184
-0.119526
-0.00450283
0.417866
0.00657355
0.818993
0.226034
0.0215491
-0.212133
-0.306537
-0.201416
-0.289163
-0.273471
-0.139583
0.0183761
-0.241837
-0.110872
-0.0350293
-0.319121
0.414059
-0.0979971
-0.137114
-0.101075
0.0159489
0.212129
-0.271067
-0.258278
0.514696
0.113086
-0.0953715
0.154623
0.309396
0.300559
0.0219137
-0.473218
-0.190915
-0.149462
-0.765486
-0.0898323
-0.59305
-0.164032
0.265244
0.1601
0.234432
-0.215668
-0.321644
0.0242149
0.209478
0.427317
-0.144158
-0.185731
-0.0120721
-0.28299
-0.180812
-0.221589
-0.807257
-0.110215
0.0717135
0.3412
-0.0325937
0.182122
-0.131398
-0.158856
0.202665
0.372875
0.489047
0.0265828
-0.259907
0.00287206
-0.523513
-0.317549
0.0369577
0.317062
1.48468
-0.0893857
-0.253279
-0.214302
0.00670621
0.267899
0.173985
0.173451
0.959508
0.661977
0.272916
-0.0408729
-0.386716
-0.43936
0.249755
0.177554
0.00650444
-0.376163
-0.113378
-0.13864
0.438084
-0.213116
0.0952183
0.069157
-0.386205
-0.282036
-0.0172633
0.256463
-0.129112
0.839655
0.0779058
0.0837188
0.0419551
-0.143745
0.0239611
-0.0546452
-0.198238
0.159408
0.292486
-0.0478538
-0.205016
-0.342821
0.11024
-0.0357901
-0.19047
0.0713995
-0.0170497
-0.304342
0.0596585
-0.213339
0.109078
-0.353446
-0.248654
-0.00852025
0.298787
-0.0450461
-0.181235
-0.0860206
-0.042052
-0.235736
0.0701667
-0.0855438
0.154833
0.144978
-0.0944758
-0.083777
0.325244
0.243407
0.459314
0.0886375
0.108514
0.134618
0.0832812
0.342264
0.377481
0.00488148
0.149665
0.169774
-0.61523
-0.434995
0.0746037
0.0290423
-0.0508236
-0.0997767
-0.277694
-0.0995074
-0.150353
0.239989
-0.023993
-0.13979
-0.349043
-0.345153
-0.0741328
-0.314626
0.161601
-0.122893
0.0542462
-0.184011
-0.433556
-0.261205
-0.281977
-0.137332
-0.0736496
-0.0682862
-0.0461751
-0.599416
-0.621083
-0.293021
-0.0359847
0.0183216
-0.309825
-0.0344577
-0.0955236
-0.0458219
0.171903
-0.50497
0.553159
-0.18734
-0.156492
-0.14667
-0.0614803
-0.0611736
0.93841
0.659095
0.135638
0.387831
-0.188202
-0.060734
-0.137003
-0.0916354
-0.0134259
-0.395795
-0.0612129
-0.0210985
-0.0651534
-0.0568121
-0.351453
-0.314726
-0.161933
-0.160004
0.202307
0.146317
-0.0668628
-0.0623266
0.420291
-0.182087
-0.238955
-0.217659
-0.218365
-0.231055
0.262301
-0.192861
0.0130298
-0.441581
-0.0971143
-0.120603
-0.00417598
0.0341407
-0.0311131
-0.106597
-0.172147
-0.287491
0.0828062
-0.372912
-0.3241
-0.224121
0.0587857
0.223472
0.190233
0.158246
-0.00375129
0.0263289
-0.19655
-0.202838
-0.283986
-0.133968
-0.682958
0.207608
-0.248397
-0.116484
-0.211243
-0.503883
-0.0724442
-0.138499
-0.545417
-0.440609
-0.14454
-0.404327
-0.201684
-0.172265
-0.417803
0.0395085
-0.0629592
-0.314298
0.239231
-0.0468412
-0.25975
-0.100777
-0.00517731
-0.219134
-0.061083
0.0400376
-0.135755
-0.382554
-0.151037
-0.322682
-0.000552914
-0.00992719
-0.129353
-0.301991
-0.167422
-0.203529
-0.0439916
-0.316635
-0.175715
-0.0446586
0.0317501
-0.435149
-0.329148
0.065663
0.205146
-0.0490721
-0.42346
-0.0949944
-0.111077
0.000702753
0.113095
-0.122637
-0.155966
-0.310506
-0.527798
0.186639
0.209917
-0.0618462
-0.18836
0.867649
-0.714113
0.154761
-0.203894
-0.693599
-0.0658721
-0.14786
-0.0400939
-0.134279
-0.353804
-0.129526
-0.256415
-0.157851
0.0157943
-0.0998783
-0.232614
-0.0907722
0.118374
-0.136766
0.125765
-0.368147
-0.0365784
-0.141058
-0.535166
0.105028
0.402919
-0.261231
-0.301654
-0.348899
-0.450162
-0.237526
0.0196185
-0.0333744
0.760672
0.238778
0.282199
0.0690467
0.653212
0.147053
-0.502697
-0.208851
0.0437347
0.096172
0.324095
-0.02629
0.120692
-0.196535
0.165302
0.243568
-0.235091
0.0745528
-0.281239
-0.30447
-0.0765664
-0.115623
-0.536842
-0.703735
-0.190099
-0.0725789
0.0940622
0.53937
-0.0390979
-0.119621
-0.093819
-0.0940115
-0.151705
-0.116551
-0.0775399
-0.0381126
-0.0788118
-0.0851901
-0.17506
0.126472
-0.10581
0.0854082
0.163449
-0.195835
0.209983
0.379328
-0.2327
-0.55843
-0.518721
-0.151248
-0.0930884
0.0616957
-0.245734
-0.212941
-0.286741
-0.640321
0.276147
-0.129672
-0.16464
-0.211977
-0.562231
-0.332593
-0.163032
-0.175505
-0.447112
0.0578383
-0.107248
-0.200535
-0.395622
-0.308999
-0.202463
-0.356125
0.0857687
-0.605509
-0.606053
-0.334143
0.503802
-0.123374
0.348552
-0.164348
-0.525277
-0.0912123
-0.279548
-0.0355415
0.620543
0.99512
-0.00841375
0.113709
0.129496
0.0800124
-0.107418
-0.119922
-0.200743
-0.207652
-0.15446
-0.145133
-0.298265
-0.111925
-0.391343
0.00069655
-0.0992838
-0.228252
0.06622
-0.499469
-0.669124
-0.321592
-0.199212
0.162151
-0.246584
0.35339
-0.182218
-0.91832
-0.167189
-0.272385
0.0514147
-0.306211
-0.0216238
-0.322602
-0.00250893
-0.180328
-0.376091
-0.165415
0.195684
-0.0131615
-0.195568
-0.0104764
-0.0696706
-0.123227
-0.13657
0.0539131
0.0217274
-0.131577
0.00950842
-0.180399
-0.0879111
-0.214997
0.101161
-0.546378
0.332604
-0.284776
-0.0723064
-0.135764
-0.156609
-0.141068
0.531006
0.391761
-0.0235947
-0.500816
-0.185861
-0.0895656
0.1704
0.148874
0.96
0.213713
-0.240293
-0.570296
-0.165909
0.0672875
0.179861
0.307513
-0.189998
-0.205359
-0.152743
-0.153195
-0.0858567
-0.177195
-0.127085
-0.259797
0.716533
0.112655
0.00708186
-0.291149
-0.0385386
-0.151649
-0.120353
-0.235779
-0.29572
-0.0427045
0.165464
0.0108444
-0.262242
0.0405984
0.353296
-0.693913
-0.665449
-0.0836336
-0.1888
-0.00768685
0.0822334
-0.00387074
-0.0403026
0.792626
0.239446
0.0577763
-0.207229
-0.089456
-0.259598
-0.193458
-0.113444
-0.0560434
-0.0633132
0.0377122
-0.0260178
0.0534668
-0.666676
-0.0510692
-0.15666
-0.353537
-0.306792
0.163067
-0.270747
-0.131179
0.446536
0.382264
0.31958
0.0622654
-0.220377
-0.141173
-0.0536626
-0.170879
-0.105173
0.0458053
-0.214732
-0.135914
-0.0326691
0.0818787
-0.148385
-0.407446
0.25023
0.0925807
-0.236089
-0.47861
-0.173694
0.0858806
-0.251451
0.264603
1.37771
0.0846178
-0.0429535
0.269322
0.0568022
-0.335945
-0.100711
0.0746807
0.480106
0.559259
-0.140722
0.123803
0.356492
0.911842
-0.0931093
-0.12456
-0.227173
0.0735248
0.293084
-0.0991798
0.2171
0.235826
-0.274669
-0.201881
-0.0605711
-0.190959
-0.46314
0.231873
0.0698853
0.0100823
-0.248742
-0.0226964
0.088543
-0.196703
-0.135075
0.331596
-0.53707
-0.114985
-0.0653761
0.0765343
0.358032
-0.254489
-0.169026
-0.360118
0.203744
0.0083521
0.177969
0.292244
-0.0188197
-0.0135565
-0.222486
-0.390234
-0.268815
-0.119766
-0.0770336
-0.0731416
-0.095532
-0.0911972
0.335817
0.175648
0.702377
-0.502285
0.0112227
0.0909373
-0.318012
-0.369906
-0.121792
-0.389246
-0.0637323
-0.104434
-0.240103
0.19469
-0.0813597
0.642858
0.0281847
0.0598387
-0.0336699
-0.124084
0.470172
0.114041
-0.579027
-0.285103
-0.197073
-0.092494
-0.0227931
0.0873393
-0.0653265
0.0149001
-0.109144
-0.37823
-0.457462
-0.473216
-0.565528
-0.227558
-0.12065
0.108799
-0.154196
0.46828
-0.120849
-0.0889826
0.0345292
-0.0142225
-0.348433
-0.27888
-0.149691
-0.044361
-0.222134
-0.171443
0.382938
0.179434
0.282817
-0.367387
-0.175693
0.17283
-0.0832119
-0.281686
0.113943
-0.598379
-0.0686139
-0.173878
0.167841
-0.122563
-0.18972
-0.224293
-0.0442697
0.706795
-0.0278254
-0.0341858
-0.113259
-0.134832
-0.531839
-0.508616
0.463004
0.0522828
0.251071
0.114069
-0.00197258
-0.257139
1.24563
-0.167246
0.0397378
-0.113566
0.23509
-0.133275
0.572354
0.282327
-0.117218
-0.190284
0.0250023
-0.157898
-0.0758273
-0.203022
-0.0649949
-0.188415
0.195803
-0.40335
0.112008
-0.364616
-0.397275
-0.326627
-0.549224
0.253003
0.358145
-0.125349
-0.128699
-0.266375
-0.00870511
-0.0757716
0.0100622
0.0361852
0.0631816
-0.226544
-0.285758
0.229929
-0.175078
-0.105804
-0.650016
-0.115606
-0.0851942
0.195756
0.391297
0.498277
-0.900049
-0.481003
0.10199
-0.154091
-0.211571
0.198926
-0.157914
-0.475467
-0.0632957
-0.142263
-0.289614
-0.313148
0.0784813
-0.338897
1.51531
-0.0921244
-0.079697
-0.244028
0.307158
-0.19689
-0.0990518
0.337205
0.200622
0.0269613
-0.0626559
-0.175664
-0.167955
0.164896
-0.359089
0.0130019
-0.235284
-0.00374396
-0.296071
-0.265969
0.00848813
-0.0579919
0.107339
-0.124835
-0.00976505
0.323606
0.449995
-0.129223
-0.249499
-0.293551
-0.390208
-0.759531
-0.0317918
-0.0642669
-0.588871
-0.610844
0.159289
0.758852
1.1974
-0.0229945
0.0692641
0.109633
-0.119685
-0.2487
-0.113719
-0.705496
-0.220832
-0.0585136
-0.302752
0.223705
-0.418358
0.193582
0.633113
0.252945
-0.147159
0.289702
-0.457163
-0.0360702
-0.0830858
-0.123798
0.0457575
-0.0525013
0.290714
-0.166854
0.0904689
-0.323024
-0.122011
-0.11754
-0.222272
-0.468521
-0.315084
-0.191841
-1.11354
-0.10974
-0.0268721
-0.340988
-0.707562
-0.017466
-0.318252
-0.18424
-0.226303
0.0205511
-0.130854
-0.0365642
-0.0400322
-0.179561
-0.130873
-0.0648644
0.219253
-0.0497174
-0.148531
-0.115527
-0.0837101
-0.224262
-0.134411
0.0131732
0.0812532
0.104117
0.169508
0.0737264
0.0575933
-0.143525
0.832635
0.0298472
-0.127147
0.0494898
-0.139567
0.247939
0.780894
0.0295976
-0.165728
-0.0389316
0.021451
0.0850483
1.08217
0.522014
0.299372
-0.151288
-0.385336
-0.133815
-0.0656906
0.047994
-0.127638
-0.166642
-0.108958
-0.195226
-0.149091
-0.248833
-0.156498
0.00944085
-0.334546
0.0614894
0.028058
-0.0239405
0.183805
0.11071
0.0849908
-0.12195
-0.573224
-0.228161
0.20928
-0.059998
-0.784924
-0.21465
-0.0638371
-0.0509922
0.0971244
-0.220078
-0.257505
-0.118358
0.203158
-0.0699329
-0.0232963
-0.0347621
-0.116033
-0.0481745
-0.302802
-0.258565
-0.0661607
-0.493584
-0.619208
-0.411789
-0.693316
-0.0838704
-0.116336
-0.0699982
-0.112093
0.0237857
-0.427884
-0.372163
-0.367272
-0.849082
-0.327731
-0.518857
-0.157114
-0.293414
-0.165788
-0.251172
-0.476594
-0.062266
-0.116727
-0.104
0.032452
-0.0949755
-0.0783994
-0.6163
-0.131391
-0.279108
-0.149147
-0.156623
-0.0224223
0.0331217
0.816518
0.116506
0.564455
0.145998
-0.249655
0.177042
-0.243221
-0.299355
0.655823
0.586327
1.45183
0.515345
0.0423815
0.526913
0.0997386
-0.0849699
-0.0120733
0.230159
0.0128028
1.09694
-0.675526
-0.0162329
-0.013419
-0.176555
-0.133423
-0.307121
-0.379039
-0.0690031
-0.0434332
-0.0478499
-0.196714
-0.497687
-0.471666
-0.0642986
-0.0835506
0.0133204
0.227462
-0.0443241
-0.297806
-0.200101
-0.00635565
0.185743
0.143101
0.0400639
-0.120377
0.0289101
-0.121326
-0.0246604
0.0126986
0.199608
-0.138481
0.00948117
-0.304956
0.482581
-0.128743
-0.0846506
-0.106721
-0.285846
-0.142349
-0.0285591
-0.0541352
-0.175604
-0.247405
-0.0498845
-0.0258073
-0.253359
0.156383
0.474872
-0.18172
-0.0712465
-0.0125638
-0.0243632
0.27082
0.173888
-0.0656787
0.0384818
0.0682649
0.0771002
-0.00550135
-0.0421064
-0.131036
0.142454
-0.252326
0.247545
-0.182613
0.0656958
-0.238042
-0.76069
0.129553
0.370904
0.257023
-0.0684645
-0.164913
0.15271
0.187347
-0.0122806
0.144446
0.416423
0.613727
-0.150759
-0.110517
-0.150334
-0.236026
-0.0214801
-0.0369771
0.00342114
-0.11525
-0.0710515
-0.0936399
-0.536821
-0.293938
-0.0742529
0.139458
-0.274654
-0.254678
-0.103891
-0.0428428
-0.243466
-0.134718
-0.0248914
-0.0761874
-0.0522796
-0.096167
-0.127223
-0.168623
-0.141329
-0.0167271
-0.0357012
-0.173518
0.238817
0.233111
-0.0464783
-0.203642
-0.0203028
-0.290104
-0.301701
-0.446379
-0.132987
-0.0652314
-0.325462
0.0359187
-0.0530957
0.286394
-0.0347621
0.395091
-0.0622125
-0.0876584
-0.0852956
-0.459228
-0.242175
-0.169305
-0.080778
-0.173405
-0.356185
-0.583416
-0.153584
0.46386
0.114943
-0.0793499
-0.257403
-0.110916
0.0826978
-0.208528
0.079533
-0.421342
-0.303823
-0.71031
-0.576925
-0.0367734
-0.187361
-0.260092
-0.0550224
-0.0804878
0.307509
0.505721
-0.303621
0.0260283
-0.269876
0.468389
1.16708
-0.0799953
-0.0916446
-0.182056
-0.278057
-0.181196
-0.24131
-0.0924774
-0.119354
-0.0387061
0.0765813
0.1003
0.0160998
0.135042
-0.0300103
-0.00374286
-0.297715
-0.106024
-0.0205492
0.0103281
0.666064
-0.217877
0.309452
-0.408104
0.243803
0.209681
-0.194779
-0.0214903
-0.0687728
-0.351413
-0.0713873
-0.0329872
-0.204845
-0.314786
-0.250725
-0.108456
-0.4849
-0.464764
-0.296186
0.105494
-0.179454
-0.0612851
-0.104425
0.105564
-0.0464453
-0.26524
0.104199
0.109591
-0.199336
-0.0618608
-0.0498944
0.103784
0.0897717
0.0688331
0.119064
0.132184
-0.102153
-0.198141
-0.0900649
-0.123116
0.0612059
0.0632229
-0.106701
-0.0753228
-0.111633
-0.0670086
-0.0617535
-1.05834
-0.0126458
-0.0294422
0.643932
1.00962
0.143611
-0.176167
-0.26541
-0.0606831
-0.252152
-0.12753
-0.173643
-0.371075
-0.00121313
0.0436982
-0.264005
-0.218802
-0.154789
-0.188529
-0.0851748
-0.00113391
0.0352757
-0.0932403
0.0854382
-0.0806277
-0.266757
-0.336142
-0.0579168
-0.582641
0.158671
0.269962
-0.138136
0.265972
-0.0315626
0.336702
-0.173636
-0.136562
0.281095
-0.276251
-0.0177714
-0.131113
-0.141693
-0.300113
-0.0490057
-0.23354
-0.0740348
0.710028
-0.0579919
0.24526
-0.246558
-0.225241
-0.133877
0.0499389
0.0547181
-0.161265
-0.000364342
0.0318282
-0.265507
-0.504079
-0.138216
0.00772225
-0.173138
-0.407134
-0.264746
-0.163827
-0.104617
0.317319
0.535936
-0.048774
-0.0171928
-0.236476
-0.546974
-0.114999
-0.157966
-0.313366
0.384252
0.0495857
0.0293342
-0.218747
-0.18869
-0.633822
0
-0.100106
-0.187087
-0.22236
0.0929791
-0.1185
0.0552885
-0.0550002
-0.122086
-0.115925
-0.177298
-0.214649
-0.0329564
-0.146845
-0.288155
-0.203432
-0.0369756
-0.100304
-0.0136027
0.320455
-0.00110788
0.156334
0.0727897
0.115565
-0.0402484
-0.108464
-0.198165
-0.108841
-0.375854
-0.165849
0.187824
-0.0744898
-0.336631
-0.0244876
-0.143966
-0.145881
-0.114822
0.579912
0.361193
0.178793
-0.0949676
-0.143535
0.0667498
-0.0423494
-0.148851
-0.0587057
-0.27992
0.154631
0.0903176
0.0466731
