-0.305357
0.317843
0.0580681
-0.119162
0.267412
0.02399
0.123902
0.446493
-0.206376
0.462621
0.287986
-0.0436774
-0.26846
-0.165834
0.00862153
0.0158611
-0.300401
-0.439805
-0.632518
-0.227141
-0.028054
0.083176
-0.442026
0.0367979
-0.692005
-0.139078
0.155128
-0.502834
-0.36513
-0.0235427
1.33971
-0.0182969
-0.022125
-0.0108604
0.214496
-0.314645
-0.00627906
-0.146942
0.478547
0.258667
0.0447369
-0.14169
-0.0807943
0.141653
-0.106156
-0.118093
-0.0133469
0.101328
-0.493008
-0.346737
-0.227719
0.00133016
-0.449199
-0.0491633
-0.684005
-0.236844
-0.179726
0.208786
0.119506
-0.0652667
-0.0571699
-0.0317365
-0.00335655
0.0713205
0.0123952
-0.311999
-0.0342385
0.710967
-0.0073715
-0.0553649
0.0146699
-0.0718123
0.877781
0.0462578
0.0791812
-0.567589
-0.392047
-0.276795
0.209072
-0.0878795
-0.375032
0.210144
0.44973
0.3408
0.0555689
-0.0686799
-0.123516
0.0399751
-0.156347
0.00604594
0.0831027
0.0529491
-0.0617936
0.0147178
0.0682464
-0.0146747
-0.116179
-0.0366348
-0.0281748
0.0307842
-0.11994
0.066212
-0.0883054
0.213067
-0.241759
-0.178105
0.00480018
-0.103265
-0.375959
0.0145178
-0.245914
-0.266769
-0.251233
-0.0749647
-0.263735
0.0539818
0.711227
0.410673
-0.0169364
-0.0264857
0.00985828
0.00690152
0.0933904
0.0872099
-0.193141
0.0320035
-0.390364
0.228426
0.466153
0.180547
-0.254552
-0.10485
0.0330211
0.291736
-0.116672
-0.0503693
-0.137571
-0.0717
-0.109264
0.129512
0.048044
0.0442604
0.150846
-0.130523
0.0175957
0.0484466
-0.309289
-0.117655
-0.139243
0.509674
0.283997
0.0579068
0.156627
0.0968197
0.0205378
0.24251
0.280075
0.278445
0.0514178
0.181825
0.292887
-0.401778
-0.551524
0.0242194
0.0210822
-0.250081
0.0531705
-0.114234
-0.43024
-0.231647
0.457893
0.18141
0.0862907
-0.0863367
-0.315213
-0.12969
-0.0318582
0.0470262
0.1667
-0.122739
-0.233023
-0.188834
0.123945
-0.0508102
-0.0240713
0.852018
0.17753
0.0382645
-0.074677
-0.201723
-0.219277
0.960335
0.0628408
0.0240415
-0.0953279
0.0561264
-0.0085438
-0.0901189
-0.146707
-0.0825673
0.0603664
0.382556
-0.085821
0.33554
-0.0642409
-0.246823
-0.641712
-0.554489
0.0924228
-0.383382
-0.301783
-0.00965139
0.028543
-0.0925774
-0.114873
0.0662324
-0.175928
-0.578308
-0.0173741
-0.0783803
-0.0923827
-0.00756769
-0.110791
0.56003
0.0147233
-0.0412336
-0.193333
-0.416751
0.0426443
-0.176638
-0.337984
-0.195712
-0.112519
-0.150261
0.192221
-0.238124
-0.357966
-0.09691
-0.0928687
-0.0166551
-0.201372
0.023566
0.0850108
0.0191939
-0.0536111
0.00651577
-0.0231679
0.17945
-0.0611736
0.2558
-0.0065804
-0.22596
-0.0957806
-0.421779
-0.397213
-0.377515
-0.331172
0.0345838
-0.232878
-0.144946
-0.144272
0.215247
-0.0476476
-0.391355
0.17665
-0.0805955
0.0154569
0.106521
-0.178866
1.10653
-0.101304
-0.283881
0.0801924
0.453615
-0.098167
0.186261
-0.0921462
-0.014821
-0.323615
-0.0190591
-0.353083
0.172406
-0.00275963
-0.383716
-0.0340389
-0.183728
-0.00433316
0.979858
0.803487
0.0501666
-0.604212
0.11434
0.442676
0.433819
0.662262
0.47278
-0.790631
0.221959
0.0900345
0.0644338
-0.0444553
0.376873
-0.739122
-0.289178
-0.133437
-0.00121892
-0.57518
-0.205449
-0.121124
-0.243466
-0.238005
-0.219054
-0.0526424
0.0764921
-0.0448966
0.140752
-0.0399601
0.0415016
0.00900126
0.184139
0.00792046
-0.0609047
-0.0549841
0.0654115
0.0507165
-0.0853347
-0.0608137
-0.334299
-0.324539
-0.178757
0.00460792
-0.0468917
-0.237079
-0.217946
0.101198
-0.1486
-0.370554
0.109838
0.0812444
0.187816
0.0171831
0.498961
-0.111974
0.53039
-0.201779
0.116833
0.124358
-0.257313
-0.0428525
0.157182
0.000852416
-0.113838
-0.131329
-0.202821
0.227189
0.342688
-0.218559
-0.129773
-0.583311
0.142038
-0.186241
-0.0539599
-0.0633427
-0.193773
-0.0557974
-0.0018757
-0.144834
0.127176
-0.117386
-0.159161
-0.0210426
-0.289924
-0.133968
0.570722
1.25921
-0.179136
0.0992684
-0.105171
0.0438491
-0.129815
-0.309359
0.19924
0.0195472
0.379521
-0.00683942
0.0228342
0.0222764
-0.0951338
0.0108128
-0.260133
-0.0321847
-0.0193052
-0.096167
0.222704
-0.194189
0.785912
-0.0408729
-0.0249202
-0.260881
-0.229412
-0.159022
-0.170262
-0.0548868
-0.140179
-0.676403
-0.44473
0.453721
0.608163
-0.266201
-0.0810945
-0.121912
0.950839
-0.0476417
0.440013
0.0250022
0.0705167
-0.0321847
-0.00369025
-0.0451622
0.119429
0.0120645
-0.0496639
0.419774
-0.453186
0.0223378
-0.00783316
0.0316646
0.0324823
-0.0321371
-0.0733021
-0.329896
0.222913
0.289031
0.128573
-0.125952
0.00463368
-0.0621479
0.0482665
0
0.294892
-0.0652667
-0.317044
-0.0139663
-0.0677685
0.188544
0.160098
0
0.0999546
-0.161601
-0.493536
-0.0174309
-0.0463065
-0.0950895
0.0123212
-0.278004
-0.0884406
0.0389181
-0.176356
0.383102
0.642496
0.80375
-0.302668
0.325326
-0.200191
0.0645974
-0.124781
-0.391758
-0.257376
0.458835
0.0231473
0.295284
-0.04343
-0.0321695
-0.25707
-0.117746
-0.108178
0.215364
0.790243
-0.162653
-0.100175
0.0928361
-0.151861
-0.0278043
0.19402
0.547076
0.246089
0.0235574
0.282243
-0.0748365
0.0295324
-0.241217
0.352745
0.279966
0.0215448
-0.0224616
0.636307
0.296392
0.0847917
-0.0950131
0.0694547
-0.180658
0.0756504
0.292992
-0.0677796
0.00164195
-0.0734973
-0.287011
0.185905
0.209487
0.439545
0.0305589
-0.0232813
0.560088
0.334633
-0.517203
-0.213385
-0.123984
0.020237
0.0138986
0.000640102
-0.240856
0.111841
-0.447298
-0.0686466
-0.0402026
-0.0819041
0.0443229
-0.124749
0.182586
-0.229265
-0.0901766
-0.100128
-0.221141
-0.173387
0.075103
-0.0504199
0.269008
0.0968541
0.21805
0.387427
0.175488
-0.228136
-0.171866
-0.17789
-0.0810819
-0.0824555
-0.219339
-0.479455
-0.43982
0.0444688
-0.0829742
-0.119042
-0.227923
0.110916
-0.210702
0.0486459
-0.348856
-0.114485
-0.17081
-0.157977
-0.171901
0.119464
-0.058426
-0.290841
-0.0351174
-0.209443
0.0336563
-0.041255
-0.242059
-0.391096
-0.137074
-0.036425
-0.300282
-0.26298
-0.205071
-0.115599
0.948646
0.0148785
-0.0678582
-0.400609
-0.368465
-0.0998362
0.0571718
0.0614921
0.139557
0.00257036
-0.407546
-0.323121
-0.225246
-0.116487
0.0979848
0.0528725
0.130548
-0.091812
-0.092754
-0.00648532
0.105592
-0.108404
0.00246232
-0.149241
-0.092494
-0.124939
-0.428278
-0.0950075
1.14361
-0.299493
-0.0263982
-0.254502
-0.156538
-0.111182
0.215513
-0.151665
0.213241
0.0903613
-0.191102
1.01682
-0.0976297
-0.0502213
0.397801
-0.117505
-0.321447
-0.0825449
-0.0631972
0.624107
-0.0675074
-0.750368
-0.677076
0.410872
-0.119459
-0.247021
-0.0491658
0.0285823
-0.152831
-0.0503538
-0.121105
-0.37854
-0.124746
-0.109145
-0.118155
-0.00950057
-0.0841938
-0.160004
0.103272
-0.0326487
-0.138843
0.00639962
-0.278363
-0.175579
0.1639
-0.188274
0.543777
0.382339
-0.240453
0.00505207
0.181956
0.0689544
0.130431
-0.0676963
-0.0744778
0.306083
-0.0871772
0.12814
-0.0176137
-0.007382
-0.466308
-0.109895
-0.143795
-0.108464
-0.284708
-0.335569
0.392569
-0.243963
-0.201723
-0.227154
-0.0952035
0.000274253
0.104434
0.471928
0.289618
0.000374253
-0.0196011
-0.00258593
-0.14076
0.491001
-0.107856
-0.00902223
-0.0893868
-0.224315
-0.352323
-0.102922
0.00576576
0.0576706
0.0888822
-0.0418424
-0.187141
-0.119455
-0.0639514
-0.102984
-0.114084
-0.0223887
0.172565
0.468971
0.139436
-0.34436
-0.298202
0.0561472
-0.38204
-0.0325652
-0.0320541
0.0643392
-0.183644
-0.0292565
-0.0880127
-0.118917
0.0645993
-0.178034
-0.295144
-0.231609
-0.140619
-0.069273
0.296284
-0.168825
0.0862098
-0.0729593
0.00284598
-0.0414673
-0.019794
0.418907
-0.163395
0.876176
0.785481
-0.0636691
-0.0978705
0.504746
0.0428619
-0.141114
-0.0189478
-0.0775003
-0.0628302
-0.0436405
-0.341194
-0.0200242
-0.0705811
-0.0282668
-0.128667
0.229027
-0.000194603
-0.351586
-0.577694
-0.151388
0.144993
0.142655
0.796444
0.0597367
0.0324695
0.0171991
0.0539676
-0.263532
-0.199816
-0.129341
0.11261
0.0460129
0.34806
-0.167595
-0.49226
-0.569705
-0.241842
-0.226381
0.754338
-0.217407
0.117271
0.0452824
0.530237
-0.177796
0.0946079
-0.0367366
-0.00542874
-0.0186363
-0.0360849
-0.0556441
0.0266085
-0.569745
-0.166461
-0.321408
-0.203752
-0.0302338
-0.122738
0.0286184
-0.0883449
-0.0869281
-0.0462589
-0.195344
-0.520437
0.695732
0.598437
0.522041
-0.110924
0.112387
0.284106
0.192196
-0.195911
-0.292486
-0.0518772
0.0156162
-0.20642
-0.0510469
-0.0897437
-0.072375
0.362055
0.331953
-0.278957
0.00507571
-0.108176
-0.0253163
0.0458426
0.080124
-0.168605
0.260813
0.0573146
-0.0557053
0.287929
0.0424232
0.116666
0.0933465
0.513612
-0.19382
-0.257192
-0.0805261
-0.0229058
0.423841
-0.535967
0.105542
0.188293
0.131773
-0.0275145
-0.0294644
-0.143422
0.0290382
-0.0591966
-0.230333
-0.126943
-0.140065
-0.0839587
-0.22513
-0.0696468
-0.208372
0.0659264
0.867745
-0.141305
-0.141131
-0.0516743
0.0743425
-0.047099
0.0562141
0.00544766
-0.109266
-0.0344859
0.0163737
0.993762
0.537332
-0.025537
-0.168505
-0.215953
-0.0853721
0.150202
-0.0681242
-0.0798448
-0.0937407
0.187455
0.372912
-0.177545
-0.262725
0.0341474
0.399753
-0.121422
0.0485703
-0.0539968
-0.0266898
-0.142034
-0.201253
-0.119255
-0.241555
-0.252166
-0.276451
-0.124575
-0.0959545
-0.247539
-0.234638
-0.082601
-0.328129
-0.47413
0.00284613
-0.0846441
0.10496
-0.0112244
0.0475981
-0.0640051
-0.00377994
0.845316
1.10697
0.171222
0.263767
-0.0692131
-0.136372
-0.145244
-0.196159
-0.186629
-0.128318
-0.145779
0.0939723
-0.0438492
0.0485124
0.0414925
0.290998
0.558218
-0.0355632
-0.00583946
-0.00492658
-0.408992
0.141305
0.490172
0.178437
-0.301156
-0.170198
0.119419
-0.288645
0.0325544
-0.0460431
-0.114883
-0.185395
0.777327
0.987438
-0.0964068
-0.296933
-0.0592429
-0.1628
-0.192103
0.238909
-0.0847508
-0.515678
-0.0670837
-0.153417
0.0900446
0.15156
0.0722644
-0.0675932
-0.0683895
0.159713
0.331056
-0.0524359
-0.298718
-0.0358931
0.0237344
-0.068331
-0.127852
-0.14169
-0.108711
-0.17549
0.44707
-0.043728
-0.0937968
-0.0275327
-0.181624
-0.140842
-0.144553
-0.326042
0.0272401
0.471871
0.22212
-0.0207977
0.135174
0.052131
-0.119238
-0.0781811
0.195214
0.137075
-0.0526123
-0.0975725
-0.944833
0.0352854
0.292856
-0.0145355
-0.0133111
1.21679
0.018771
0.0115172
-0.00453367
0.0460272
-0.537964
0.303385
-0.0495611
0.664489
-0.131051
-0.117851
0.0350241
0.0822366
0.181514
0.0641732
-0.533128
-0.215063
-0.176422
0.0457575
-0.148531
-0.43908
-0.40679
-0.0268722
-0.212865
0.755875
0.248054
-0.00644917
0.0785945
0.0362955
-0.0617084
-0.0390839
0.00402325
-0.29888
-0.0258912
-0.202968
-0.143689
-0.147564
0.0209237
0.00316522
-0.214844
-0.202079
-0.212621
-0.676127
0.127243
0.00774559
-0.194859
-0.418165
0.197043
0.166785
0.26118
0.25341
1.09126
-0.332473
-0.0529538
0.0558874
0.155773
-0.0287653
-0.167346
-0.270043
-0.876693
-0.165137
0.184962
0.161975
0.133967
-0.845222
-0.371473
-0.276206
0.020749
0.327312
-0.102846
-0.297187
-0.103607
-0.162568
0.000950631
0.703793
0.325757
-0.284041
0.160059
-0.343054
0.475645
-0.201434
-0.292618
-0.510708
-0.496415
0.405679
-0.0560773
-0.519269
-0.0793722
-0.0355935
-0.216709
-0.142156
0.3321
-0.122028
-0.181915
-0.138118
0.0497448
-0.190332
-0.255273
0.308156
0.0277341
0.123035
0.119667
0.269087
0.116006
-0.081072
0.596815
0.0678513
0.191199
-0.0835058
0.134849
-0.130163
0.0868487
0.493747
0.776414
0.145837
0.21704
-0.0487839
0.0299633
-0.133567
0.0360596
0.358309
0.302689
0.977172
0.0340056
0.259088
-0.0222535
0.657862
1.23922
0.315859
0.0727078
0.144908
0.112087
-0.330225
-0.173574
-0.411674
-0.052178
0.0231398
-0.095975
-0.583964
0.196103
-0.0120089
0.139156
0.50245
0.381891
-0.139563
-0.160004
-0.251812
-0.222852
-0.086523
0.0913455
-0.158933
0.207101
0.169718
0.024321
0.00159062
0.0633975
0.576965
0.467634
0.123646
0.085502
-0.140665
-0.219294
-0.425782
-0.329539
-0.320099
-0.161969
-0.532483
-0.0206361
-0.104312
0.45067
-0.0418488
0.0801398
0.0711866
-0.130605
0.0205259
0.0358909
0.15994
0.154869
-0.0695554
-0.366506
-0.673605
-0.0480444
0.328089
-0.117142
0.134177
0.0760034
0.714388
0.240963
0.178398
0.157991
-0.0981949
-0.0821285
0.241407
-0.406623
-0.187291
-0.0980443
-0.0038189
-0.169846
0.077556
-0.0986743
0.857296
0.180841
0.196019
-0.104479
0.366348
0.60055
0.189086
-0.137992
-0.127613
-0.181296
0.126621
0.161505
0.0590873
0.448559
-0.216969
0.246737
0.18243
0.17454
-0.387108
-0.39124
-0.0474358
-0.076903
0.126045
-0.249296
0.0312269
-0.265914
0.0524224
1.78216
0.657749
0.396637
0.106389
0.228058
-0.0130798
-0.24268
-0.432184
-0.584798
0.313757
-0.0724379
-0.249143
-0.25377
-0.311727
-0.141229
-0.373922
0.143468
0.111855
-0.333488
-0.460136
0.0987933
0.872127
0.302255
0.280389
0.800791
-0.0811957
-0.711128
-0.380085
0.761918
-0.09691
0.00620031
-0.0606464
0.94062
0.785226
0.0082431
-0.0455114
-0.040496
-0.123177
-0.413319
-0.164328
-0.164632
-0.0396908
-0.0573321
-0.0974665
0.20343
0.147294
0.229684
0.187913
0.306956
0.270546
-0.0348652
-0.0781822
1.34417
1.43763
0.124352
-0.0696359
0.275031
0.24202
0.0741149
-0.0915105
-0.0791812
-0.151152
-0.0526977
0.370604
0.26513
0.00682691
0.0219118
1.06724
0.171301
0.319326
0.16575
0.0734354
-0.0537125
0.178337
0.0243461
-0.136104
-0.168915
-0.00707537
0.111595
0.4058
-0.526079
-0.401014
-0.170435
-0.167785
-0.0306077
-0.0142739
-0.230449
-0.0641006
0.402665
0.132789
0.0604683
-0.0506067
0.115415
0.223702
-0.146922
-0.0478491
-0.121854
-0.098419
-0.174261
1.33109
-0.269762
-0.249449
-0.554861
-0.065141
-0.239188
0.103482
-0.090313
0.118257
0.886678
0.0630757
0.165054
0.104095
0.176318
0.560149
0.0838672
0.588867
-0.0268023
-0.130448
-0.0300307
-0.0622623
0.0680401
0.0133492
0.0302158
-0.121473
-0.225449
-0.228221
-0.116352
-0.222175
-0.239864
-0.185121
-0.511291
0.119553
-0.516351
-0.337001
-0.174416
-0.416323
-0.0168679
0.722783
0.473081
0.284396
-0.226073
0.307694
0.257917
0.307381
0.327322
-0.101873
0.15706
-0.234516
-0.00857147
0.128318
-0.498552
-0.0322701
0.664524
1.31254
-0.219308
0.0456072
1.2705
0.0807779
-0.362036
-0.228101
0.053274
-0.28879
0.469387
0.259228
-0.186887
0.0943829
0.0642158
-0.158024
0.0140107
-0.0653768
-0.375258
-0.127929
0.128484
-0.471305
0.0527303
-0.0346301
-0.199303
0.00770633
-0.400011
-0.317755
-0.362648
-0.41999
0.110652
0.553269
1.09165
1.73443
0.107826
0.255723
0.176602
-0.12094
0.0693265
-0.166372
0.21883
-0.195346
-0.126981
-0.137517
-0.217484
-0.138665
-0.186864
-0.20845
-0.21326
-0.203278
-0.122346
-0.119147
-0.0928361
-0.166061
-0.0880674
-0.0883287
-0.0652518
-0.14959
-0.188345
-0.0452346
-0.21145
-0.254058
-0.410186
-0.330359
-0.0947169
-0.0422745
-0.144795
0.157313
0.624503
-0.0210426
0.0887752
-0.415401
0.0528652
-0.0453001
0.215578
0.0942316
1.02159
-0.188885
0.143055
-0.164284
-0.0707732
0.162765
0.0132524
-0.17948
0.58312
-0.0969731
-0.10304
0.159935
-0.0495543
0.175216
0.220874
0.324218
-0.185413
-0.198469
0.177448
-0.125325
-0.0103258
-0.0245738
-0.014982
-0.0226078
-0.0574636
-0.0863112
-0.121208
-0.254122
-0.241892
-0.215471
0.184837
-0.0186745
0.143792
0.358757
0.617678
0.0711625
-0.100259
-0.186628
-0.147223
-0.0458745
-0.278012
0.124005
0.30479
0.208815
0.0756213
-0.169997
-0.35867
0.0070049
-0.210443
0.135501
-0.193727
-0.646147
-0.127166
0.530803
-0.036889
0.150013
-0.555654
0.152299
0.264893
0.418433
0.457763
-0.293509
1.09064
0.22523
0.107591
-0.117663
-0.416687
-0.486888
-0.210916
0.163236
1.27558
-0.0683466
0.138201
-0.0785254
-0.0211589
-0.00546289
1.53058
1.58726
0.435066
0.180391
-0.0574328
0.000250814
-0.153577
-0.0768439
-0.0882598
-0.116889
0.0205617
0.620249
-0.17552
0.0601976
0.130299
0.246201
0.368593
-0.042752
-0.335419
-0.135384
0.17449
0.15688
-0.0723725
-0.107546
-0.131825
-0.0488058
0.295789
0.286636
0.30374
0.303494
-0.310787
-0.28953
-0.387586
0.275601
-0.397401
0.118288
0.433758
-0.122291
-0.166068
0.557093
-0.0127346
0.355629
-0.0626255
0.0439054
-0.513277
-0.239976
-0.261067
1.79303
0.109938
0.323622
-0.155242
0.281376
0.202477
0.230526
0.119767
-0.0219808
-0.151268
-0.227766
-0.228282
-0.180736
-0.0894542
-0.0443543
0.28793
0.0658173
-0.556853
0.612826
0.278295
-0.147603
0.191239
-0.0798767
0.105615
-0.379494
0.0315671
0.251727
-0.13566
-0.227874
-0.391408
-0.13592
-0.212284
0.332158
0.0584553
0.752514
0.446999
0.135687
-0.543131
0.669743
-0.104458
0.00453179
0.401306
-0.52492
-0.286198
-0.105872
-0.0432316
0.206333
0.461336
-0.059649
0.0329525
0.148528
0.0949971
-0.0339234
-0.0256358
-0.0498329
-0.494118
0.225314
0.638967
0.125822
0.291566
-0.401224
-0.272921
-0.0164095
0.176729
-0.118928
0.105751
-0.136536
-0.191777
0.297352
0.00431506
0.364082
0.0166802
-0.0127952
-0.0997767
-0.0297265
-0.172252
-0.0839435
-0.280827
-0.174248
0.65587
0.130987
-0.541898
0.406978
0.279886
0.0121545
-0.0376192
-0.17629
-0.00117539
0.278202
-0.308557
0.295974
-0.29693
0.294606
0.282386
0.111466
0.247494
0.147956
0.359067
-0.613494
0.780178
-0.264457
-0.210807
0.61762
0.0139651
-0.0140267
-0.625381
0.124092
0.168746
0.168253
-0.609831
-0.017759
0.211772
-0.0933884
0.136303
-0.271964
-0.0919276
-0.0936811
0.175935
-0.311754
-0.0406216
-0.0479809
-0.477995
0.160973
0.10983
-0.787112
0.383665
0.366591
0.0610472
0.0790161
0.135795
0.211501
-0.142077
0.574326
0.265702
-0.152692
0.0859146
0.0826574
-0.168116
-0.171806
-0.162041
-0.00188823
0.529017
0.776428
0.0909784
0.322679
-0.163968
-0.145514
0.0594646
-0.162367
0.21689
0.309472
0.0565963
0.127333
0.384029
0.979831
-0.278146
-0.281176
0.140738
0.22497
0.103655
-0.220058
-0.32597
-0.0104654
0.292221
0.757823
0.300068
-0.208276
-0.126365
-0.303607
-0.155753
0.337704
-0.139636
0.222466
1.43753
0.324817
-0.124428
0.0930245
-0.0353636
0.441191
-0.207937
-0.113346
0.668547
-0.401783
0.142463
-0.386499
-0.237949
-0.0882335
0.439733
-0.466587
-0.142243
0.00874378
0.114162
0.0538284
-0.10878
-0.422355
0.0625921
-0.288977
0.155315
0.0713463
0.0525584
-0.107755
-0.198262
-0.366663
-0.249073
0.421403
0.0803878
0.0499402
0.330286
-0.880082
-0.374833
-0.425969
-0.179574
-0.233493
0.102615
0.0990995
-0.328243
-0.716218
0.156505
-0.293745
0.444153
-0.0553799
-0.0929248
0.287513
0.306599
0.228115
-0.199945
0.256056
-0.126079
-0.0921601
0.0849202
-0.0586874
-0.100052
0.227288
-0.673667
-0.0143636
-0.229981
-0.180733
0.997999
0.987502
-0.049626
0.594422
0.0534621
-0.217688
-0.0265047
-0.099207
-0.0361747
-0.0243268
-0.018089
-0.0374743
-0.0957005
-0.437748
-0.0187843
-0.287083
0.821116
0.0407352
0.0972651
0.135792
0.162839
-0.0959359
0.133644
-0.079248
-0.140483
1.44733
0.788054
-0.0626942
0.54909
-0.0219411
0.0294365
0.703643
-0.115338
-0.00829964
0.253802
-0.10599
0.237586
0.209185
0.173872
-0.0908511
-0.0282994
-0.0535828
-0.124709
0.0760265
-0.430401
0.131395
0.0790029
-0.0564614
0.145417
-0.0927067
0.11508
0.265916
0.521728
-0.599562
0.898838
0.711705
-0.182094
-0.191287
0.00261514
-0.0759994
-0.03128
-0.127903
0.00987624
0.252074
0.0121803
0.168706
-0.0679274
0.142457
0.31527
-0.0740589
-0.204703
-0.082096
-0.685955
-0.233597
-0.351903
-0.206225
-0.216787
0.206323
-0.0857741
-0.0149299
-0.0760153
-0.084691
-0.0925311
0.131891
-0.0989694
-0.384347
-0.00105448
0.459003
0.311574
-0.213473
-0.0295208
-0.44086
-0.547932
-0.296056
0.703163
-0.278935
-0.329522
-0.477328
-0.134499
-0.193515
-0.0293306
-0.146378
0.103642
-0.291552
-0.212189
1.736
-0.272905
-0.356038
-0.115197
0.122172
1.02199
0.058465
0.229241
-0.276441
-0.50315
0.778611
0.082968
0.0307071
0.321687
0.332223
-0.246023
0.0653692
0.42399
-0.18247
-0.174893
0.0903405
0.0869473
-0.0619129
-0.111273
0.0794123
0.293227
-0.0183643
-0.190005
-0.00528177
-0.295734
-0.0539195
-0.691265
-0.138815
-1.06851
-0.576355
0.00567251
-0.406568
0.218944
0.595527
-0.0556104
0.0107036
-0.45595
-0.161682
-0.162449
1.27442
0.274245
-0.0673511
-0.190897
-0.134579
0.125349
1.28076
0.195807
-0.303763
-0.165658
-0.165921
-0.148447
-0.237361
-0.00549136
-0.223636
-0.128882
0.0447753
-0.170656
-0.110565
-0.253713
-0.103193
-0.199479
-0.196639
0.333352
0.796755
0.0503001
-0.352859
-0.0946907
-0.177588
-0.203678
-0.131352
-0.145041
-0.0648001
-0.104644
-0.0597233
-0.11497
-0.350974
-0.322219
-0.00832851
-0.062249
-0.458741
-0.160977
-0.196295
-0.0919921
0.0370011
0.326071
-1.28362
0.0740348
0.0771148
-0.235537
0.152272
0.156221
-0.00271266
0.0718697
-0.122905
-0.099808
0.0906722
0.10278
-0.352769
-0.180915
-0.166128
-0.117808
-0.0342957
-0.168101
-0.235513
-0.0246225
0.125938
-0.253731
-0.53778
0.255516
-0.105745
-0.513222
0.653044
-0.0386947
0.0664461
0.12322
0.0605329
0.0176012
-0.238348
-0.0124687
0.0962292
-0.175164
0.14809
-0.16941
0.103164
0.128993
0.000577132
0.0986032
-0.307661
-0.061054
-0.185316
-0.254412
-0.172919
-0.304921
-0.243966
-0.103382
-0.269034
0.0585349
-0.202112
-0.000910717
-0.0477526
-0.124092
-0.140993
0.330883
0.135601
-0.14662
-0.206229
1.34411
0.411183
0.368792
-0.16709
-0.369911
-0.14535
-0.059961
-0.15386
-0.059971
-0.127149
0.0498569
-0.268361
-0.312622
0.059779
-0.152398
-0.191084
-0.0927744
-0.0439202
0.0518997
-0.0728548
-0.155048
-0.529344
1.48825
0.399424
-0.338126
-0.0139731
-0.131526
-0.167491
0.19154
0.188189
-0.0130136
-0.166287
0.0641992
-0.0830668
-0.142396
-0.217846
0.195075
0.263418
0.27291
0.302235
0.0472228
0.125096
0.595282
0.222304
-0.109952
-0.129034
0.887834
0.31733
-0.190869
-0.169105
-0.164164
-0.0918186
-0.307672
-0.014039
1.65124
0.128954
0.233278
0.130346
0.165441
0.272009
-0.0193052
-0.283718
-0.196235
-0.79264
1.00672
0.161383
0.156008
0.987159
0.0791813
-0.117639
-0.0937278
-0.353841
-0.441381
-0.155027
-0.269352
-0.435674
0.358482
0.138919
-0.0141823
-0.00104192
-0.371537
-0.189724
-0.187124
-0.124939
-0.0353764
0.175683
-0.491798
0.0865224
0.265596
0.781708
-0.141917
-0.0705513
-0.0479874
-0.106982
0.473217
0.283565
0.310152
-0.18546
-0.145525
0.147716
0.417353
-0.0200479
-0.172336
-0.0942814
0.124155
-0.102167
-0.732138
-0.101709
0.058263
-0.139533
-0.042841
-0.0339899
0.237139
0.19775
1.05363
0.187852
-0.183604
0.0166126
-0.424145
-0.155283
-0.322519
-0.0612198
0.197276
0.0563018
0.419069
-0.0704854
-0.157658
-0.0673897
0.130058
-0.403958
-0.483759
-0.105804
0.142798
0.457841
0.00123414
0.412608
-0.254046
-0.733534
0.20358
-0.755585
-0.105913
-0.387953
0.110754
-0.0211221
0.091259
0.132684
-0.0886897
-0.0904136
-0.119495
-0.112227
-0.105752
-0.206412
-0.0823647
-0.270541
-0.178195
-0.450487
-0.0482716
-0.17413
-0.165033
0.307759
0.0499361
-0.231544
0.450759
0.279167
0.0380901
-0.0167159
-0.0198563
-0.105534
-0.273342
-0.185466
-0.207617
0.0868954
-0.0817247
0.0474614
-0.01069
-0.30357
-0.227391
-0.114358
-0.064458
0.167196
-0.00553504
-0.182771
0.0952284
-0.286647
0.500467
0.638099
-0.101989
-0.0703554
-0.163397
0.18397
0.709534
0.413234
-0.026113
0.118427
0.00377322
-0.200614
0.127218
-0.022447
0.233033
-0.0838217
0.161662
-0.17328
0.142129
-0.247426
-0.287401
0.240827
1.6677
-0.236998
-0.0603057
-0.00614165
-0.238472
-0.266958
-0.0534555
0.414245
0.00764946
-0.15299
-0.188166
-0.66099
0.0142024
0.187319
-0.0458246
-0.0580855
-0.329247
-0.108645
0.138804
-0.265265
-0.136242
-0.322481
0.141999
-0.12205
-0.250743
-0.132153
-0.136485
0.173666
-0.133919
0.938562
0.16331
0.0667668
0.125684
0.0619162
0.181068
-0.0165578
-0.257263
-0.0699385
-0.257108
-0.0753244
0.357902
-0.49499
-0.210853
-0.18672
-0.198005
0.00646604
0.126928
0.00598054
0.537509
1.33353
1.26521
0.793781
0.34829
-0.200228
0.148509
0.0258824
0.0649263
0.00559422
0.0775757
-0.185151
-0.173973
-0.148982
-0.0230282
0.16183
-0.0451035
-0.44403
-0.0193052
-0.196963
-0.247337
-0.228684
0.0505969
0.212635
-0.173712
-0.147614
0.169324
0.0690394
-0.0175103
-0.71725
-0.523736
0.0338465
-0.12315
0.0151904
0.00507955
-1.11218
0.28688
-0.130089
-0.125356
-0.86457
-0.383764
-0.13269
-0.277689
-0.061911
-0.202222
-0.208447
0.602296
0.42978
-0.187185
0.360095
-0.168753
0.0485311
-0.301562
-0.289636
0.0503522
-0.141318
0.378179
0.0418433
0.108315
-0.183801
-0.278104
-0.0223646
-0.100264
-0.212318
-0.104735
-0.137407
-0.0295888
-0.00349183
-0.346133
-0.0597029
0.0952524
-0.538095
0.484547
-0.304955
-0.2314
-0.0704793
-0.0317988
0.0856713
0.839088
-0.0157787
-0.381976
0.410755
-1.12896
-0.144593
-0.41407
-0.777467
0.322056
-0.539269
0.0314559
0.450915
0.161099
-0.075374
0.0364425
0.236533
0.355497
0.749731
-0.0917703
-0.30655
-0.0421058
-0.192652
-0.454781
-0.390091
-0.211236
-0.325766
-0.802001
-0.0613516
-0.282388
-0.061702
-0.1664
-0.218991
-0.0624611
-0.0475265
-0.182655
-0.131794
-0.168024
-0.0841732
-0.107089
0.155929
1.71057
1.5074
0.653083
0.696994
0.663181
0.0247661
0.0283285
0.185152
0.115602
0.196795
0.0308336
0.112419
-0.303279
0.477734
0.0715436
-0.595774
-0.478147
-0.275149
0.510573
-0.269157
-0.108461
0.0491304
-0.102305
-0.151568
-0.674472
-0.686747
0.0768242
0.036508
-0.122873
-0.03273
-0.316223
0.41929
-0.127705
-0.101737
-0.411955
-0.470343
-0.192681
0.288954
0.0416851
0.0901362
0.175941
0.639795
0.134199
-0.135196
0.159578
0.30897
-0.0129927
0.149785
1.58038
0.170747
0.170061
0.441914
0.0680063
0.0223756
-0.731913
-0.227834
-0.0146052
-0.407091
-0.282951
0.00201525
-0.642767
-0.102165
0.270912
-0.109895
0.0975626
-0.0821868
-0.0906058
-0.13072
0.130708
0.119286
-0.248671
-0.0573657
-0.0997957
-0.244616
0.183975
-0.0919406
0.048478
0.00400734
-0.0599255
-0.112976
-0.118661
0.279812
-0.113626
0.860648
0.231265
-0.142408
-0.163639
0.0843209
0.0236555
-0.132626
-0.406877
-0.117666
-1.00881
0.349542
-0.0226122
0.260475
0.0727964
0.258121
-0.0259912
0.708204
-0.0390241
0.182049
-0.00260837
-0.217461
-0.0450784
-0.322525
0.0508001
0.0282798
-0.0407449
-0.133372
-0.109069
-0.192407
-0.123913
-0.160877
-0.220851
-0.153665
0.00944156
0.0770035
-0.503096
-0.217828
-0.0742923
-0.0149993
-0.161503
-0.397687
-0.01591
-0.268384
-0.0236639
0.0394197
-0.0460814
-0.022888
-0.103344
-0.0547903
-0.104167
-0.16991
-0.103878
0.335704
1.80653
-0.13615
0.0945162
0.106318
-0.256846
0.304216
-0.194136
-0.0789625
-0.0321847
-0.365161
-0.126045
0.150598
-0.074246
0.0121772
0.0921462
-0.713445
-0.15565
0.0408698
-0.146658
0.0541719
0.00629421
0.20362
0.0569626
-0.139334
-0.176981
-0.0139975
-0.110442
-0.0638155
-0.533995
0.0149257
-0.262634
-0.019413
-0.122717
0.0360079
-0.0270753
-0.448123
-0.0725507
-0.15802
-0.0254859
0.256147
-0.00247462
0.225493
0.131604
0.124409
-0.19445
-0.0761326
-0.165762
-0.0259112
-0.0015688
-0.266584
-0.526938
-0.0319438
-0.232032
-0.301706
-0.227955
-0.140082
-0.323189
0.0476225
0.206934
-0.331796
-0.233406
0.023011
0.239383
0.0357711
0.0941645
0.505007
-0.326688
-0.0525023
0.382507
0.0637698
-0.244039
0.0680653
0.0410769
-0.33116
0.0139358
-0.106683
-0.343113
0.160771
-0.340054
-0.292337
0.0359252
-0.00126988
0.0555604
0.493034
-0.0295371
-0.232012
0.0237167
-0.0356261
0.161192
-0.0757408
-0.0905828
-0.430367
-0.134638
-0.205281
-0.254218
-0.291871
-0.21331
0.0987284
-0.0858938
-0.196371
0.136101
-0.0165402
0.372873
-0.0187587
-0.16986
0.109688
0.572407
-0.075195
0.115245
0.119624
0.486571
1.41038
-0.0408427
0.0405114
0.302266
0.393275
0.0321318
-0.0111523
-0.176664
-0.207279
-0.00325318
0.0467782
-0.0611902
-0.110347
0.0532195
-0.144523
0.969861
-0.0999333
-0.10663
0.368499
-0.0097857
-0.077802
-0.233885
0.0709529
0.498541
-0.181766
0.0526772
-0.16239
0.833555
0.657488
0.587102
0.385203
0.0875251
-0.0184398
0.148976
0.0611736
-0.0491772
0.021838
-0.123459
-0.166198
-0.0938567
-0.383116
0.201208
0.110787
1.06213
0.421784
-0.0680995
-0.252651
-0.0216931
-0.0412435
0.63327
0.473892
-0.702479
-0.214509
-0.0375271
0.162081
0.212284
-0.170535
-0.187916
-0.0516208
0.00706185
0.0360491
1.66291
0.793879
-0.0463656
-0.153499
-0.0992235
0.0421553
-0.0881665
-0.0574265
0.0132993
-0.106415
0.271639
-0.0612759
-0.263388
-0.124939
0.179556
0.239879
-0.1978
-0.146302
0.47594
-0.260713
-0.000634696
0.0612269
0.252681
-0.165626
0.867519
-0.342541
-0.104735
-0.0162739
-0.0357646
-0.0137883
-0.221072
0.163952
-0.228027
0.0346223
-0.0498717
-0.12083
-0.0631
0.183464
0.0173505
-0.0502839
-0.179921
-0.341409
-0.229422
0.0180618
-0.606173
-0.0487379
-0.444754
-0.103736
-0.338567
-0.119425
-0.312311
-0.286922
-0.0618202
-0.234758
0.113785
0.0154569
-0.0651262
-0.179746
0.0113524
0.255812
0.20917
-0.0788863
-0.229937
-0.187087
-0.0974926
-0.0784266
0.681621
-0.0903225
-0.00219398
-0.703359
-0.309341
0.104785
0.606288
0.0830763
-0.201364
-0.330993
0.0563354
-0.0255541
-0.167376
-0.0859056
0.848093
-0.00500502
0.155667
0.366352
0.140304
0.142272
-0.251392
-0.095173
-0.174451
-0.0683173
0.221234
-0.455324
0.914239
-0.0781807
-0.036541
0.0111297
-0.0328881
-0.167031
-0.266137
-0.0595136
0.138174
0.0434657
0.134189
-0.0365992
-0.0814897
-0.0342349
0.307258
0.876614
0.0438884
0.232149
0.0102562
-0.504961
0.158753
-0.198979
-0.171758
-0.0955291
0.187087
-0.100268
-0.288974
-0.256766
-0.0816928
-0.183679
-0.14661
-0.165733
0.246294
-0.0849202
0.173669
-0.133174
0.0139048
-0.129524
0.0362948
-0.153514
0.101821
1.54224
-0.432539
-0.155723
-0.167491
0.195483
0.215149
-0.0739694
0.203278
-0.00495038
-0.371733
-0.332015
-0.18234
0.409611
0.775969
-0.0366196
0.227125
0.0509151
-0.212523
0.481603
0.23135
0.0238122
-0.200504
0.541556
-0.622621
-0.458891
0.0463243
0.280901
-0.0611944
0.115745
-0.0916573
-0.17501
-0.147639
0.0650157
0.0673804
-0.150437
-0.118635
-0.160171
0.068014
-0.129148
-0.538356
0.821391
0.100595
0.177551
-0.294464
-0.0895615
1.00148
-0.0557335
0.383299
0.299139
-0.20223
0.262513
0.361336
-0.00734865
0
-0.233278
-0.121243
-0.0744536
-0.351733
-0.218603
-0.161628
0.881222
0.445741
0.246748
-0.369154
0.138862
0.0194389
0.0207596
0.111836
-0.18427
-0.162255
-0.0770339
0.361635
0.220295
0.228348
-0.198755
-0.0167938
0.185637
0.208243
-0.104851
-0.333841
-0.0431654
-0.135548
0.411832
-0.236159
-0.20165
-0.55025
-0.0826913
-0.0887869
0.0540402
-0.00215215
-0.268638
1.3675
0.12203
0.169097
0.0447294
0.0846995
-0.103304
-0.30283
0.0408999
-0.193318
-0.134803
-0.206968
-0.412642
-0.118011
-0.246129
-0.141877
0.299209
0.00687273
-0.16567
-0.386566
-0.125203
-0.321789
0.0199941
0.259501
0.022947
0.326262
0.679924
0.00109902
0.029379
0.30527
0.352457
-0.188705
-0.135716
-0.141072
-0.0483047
0.149556
0.157561
0.110126
0.200714
-0.194977
-0.0245998
0.0456011
-0.336358
-0.230956
0.042226
0.348652
-0.0610238
0.717297
0.660197
0.822701
0.0859608
0.134501
-0.224389
-0.238245
-0.0269048
-0.0286763
0.0579215
-0.066154
-0.375326
-0.178125
-0.0238113
-0.145894
-0.0932691
-0.0849677
-0.120796
-0.101825
-0.538574
-0.365182
-0.00569576
1.6091
1.6887
0.0211344
-0.121079
-0.0643186
0.156764
0.205775
0.626029
-0.047692
-0.0467349
0.201922
0.0906579
-0.16786
-0.00142864
-0.865859
-0.0206846
-0.469271
-0.264307
-0.135693
-0.0453589
-0.362607
-0.0925136
-0.585122
-0.241497
-0.0836386
-0.200669
0.136152
0.0741623
-0.396382
-0.404456
0.342786
0.00291114
0.0426554
0.297505
0.291905
0.0852495
0.129994
-0.0667251
-0.0178561
-0.0162541
-0.040366
-0.426244
-0.390125
-0.190265
-0.582138
-0.35377
0.0137746
-0.0837264
-0.0559952
0.0784855
0.222375
0.305182
0.327673
0.0707573
0.69291
-0.0911388
0.0101834
-0.175075
-0.0537104
0.0812856
-0.17527
-0.0630518
0.221849
-0.14229
-0.120156
-0.1716
0.377357
-0.00407793
1.47304
-0.346934
-0.768485
-0.113066
-0.325095
-0.199324
-0.191312
-0.0339687
-0.0107905
-0.0816427
-0.316691
0.198864
0.0129136
-0.0851716
0.0456631
0.255528
-0.222579
0.012603
-0.0475407
-0.206657
-0.390925
-0.161134
-0.349349
-0.147802
-0.301159
0.262037
-0.0650005
-0.135209
0.0264896
-0.021363
-0.0846077
-0.0833779
-0.264487
0.0036282
0.311183
-0.311009
-0.320875
-0.0731828
-0.19218
-0.332658
0.461037
0.140491
-0.208831
-0.105073
-0.145432
-0.162137
-0.281624
-0.0538487
-0.54693
0.308815
0.278959
-0.121826
-0.512194
-0.75439
1.42091
0.19357
0.442006
0.142373
-0.0831851
-0.800411
-0.253576
-0.444853
-0.084088
-0.0656788
-0.376932
-0.704546
-0.196528
-0.0924465
-0.396617
0.0165151
0.0479638
-0.239841
-0.0500289
-0.0185149
-0.0514161
-0.042752
-0.0324483
0.00189913
0.11605
0.0879198
0.219075
0.140944
-0.185345
-0.254931
-0.0656047
-0.0875103
-0.237518
-0.246747
-0.0278902
-0.261521
0.160697
-0.273899
0.328677
0.0547524
0.108254
-0.148169
-0.0629926
-0.0172296
-0.0963998
-0.125163
-0.0702811
0.00890891
-0.276676
-0.116741
0.436157
0.472884
0.685092
-0.643453
0.182611
0.110326
0.149571
-0.201645
-0.409226
0.33622
-0.0824677
0.183901
-0.243423
0.145239
-0.128544
-0.323367
0.00448885
-0.0240645
-0.0126708
-0.185431
-0.110878
0.0659065
-0.185365
-0.70428
-0.216241
-0.288912
-0.0499828
-0.0669468
-0.0181707
-0.0668098
-0.0927541
0.410174
-0.109734
-0.0886375
-0.23921
-0.182622
-0.158118
-0.198503
-0.057625
-0.266343
-0.141624
-0.27335
-0.39731
-0.292726
-0.224391
0.223544
-0.172263
-0.240533
-0.0468608
0.146728
0.0581797
1.21931
0.577221
0.466662
0.0240844
-0.306308
-0.307483
-0.0463887
-0.153462
-0.176091
-0.575173
-0.371357
-0.263211
0.0735891
-0.0111205
-0.0540498
-0.176454
-0.156708
-0.16677
-0.0804926
0.217685
0.0669468
-0.125929
0.0107716
-0.304143
-0.115948
0.373357
-0.0906874
-0.0975146
0.136406
-0.366231
-0.0783639
0.062668
-0.0840157
-0.18438
-0.175659
-0.109672
0.0577579
-0.0205766
-0.255535
-0.161808
-0.0724404
-0.407615
-0.477121
-0.518481
-0.374871
0.0542961
-0.116805
-0.0816794
-0.106492
0.410874
0.247211
0.200796
-0.061109
0.276492
-0.46185
-0.216223
-0.0532844
-0.375843
-0.628021
-0.184351
-0.14784
0.324823
0.769236
0.472232
-0.143289
-0.0702383
-0.180137
0.216552
-0.319041
0.299048
0.533471
0.0321847
0.28996
0.50929
0.0543317
0.0974349
-0.181195
-0.312025
-0.365648
-0.445038
-0.150418
0.175001
0.743314
-0.0938695
-0.88705
0.00431184
-0.300654
-0.139047
-0.374063
0.0715989
0.237194
-0.0169227
0.0124943
0.355417
0.0496878
0.035658
-0.379422
-0.254337
-0.0551686
-0.0840153
0.408742
0.202141
-0.00944155
0.0411023
0.196841
-0.328957
-0.182622
0.0151569
-0.282224
0.14538
-0.0239291
0.0893751
-0.205273
-0.106317
-0.0316299
0.439551
-0.182931
0.0953687
-0.140397
-0.481398
0.676383
0.207189
-0.0867891
0.145415
-0.16878
0.234636
0.0319697
-0.155635
-0.370471
0.307763
-0.00738614
-0.0388406
-0.0921557
-0.167635
-0.101106
-0.463878
-0.0247592
-0.168183
-0.280093
-0.0980685
-0.0911477
0.212181
-0.375753
-0.438518
-0.171674
-0.115764
-0.0834379
-0.274278
0.810042
0.199302
-0.202938
-0.200294
0.0763369
-0.264094
-0.11961
-0.240123
-0.163711
-0.284592
-0.0486689
0.0321847
-0.19796
-0.280627
-0.208726
-0.221036
-0.28022
-0.0850405
0.0795701
0.0259879
1.16728
-0.197326
-0.0709967
-0.0450696
-0.170762
0.0133792
-0.124939
0.356602
0.652889
-0.031144
-0.176707
-0.323948
-0.0954586
-0.175363
-0.406204
-0.157734
0.033693
-0.206989
-0.729181
-0.262372
-0.45327
0.237257
-0.0621791
-0.129572
-0.0479644
-0.35826
-0.184723
0.055439
0.254667
0.306534
-0.179842
-0.100889
-0.29421
0.0112648
0.0689182
0.113144
-0.24461
-0.326716
-0.341262
-0.361521
0.0362592
0.0772206
0.0200124
0.156912
-0.154902
-0.060933
0.186214
-0.0708715
-0.107367
-0.188112
0.121099
-0.104335
0.0226017
0.0223682
0.740559
-0.0348952
0.0273329
-0.00205664
-0.110387
0.538096
-0.0466732
-0.0887616
-0.419508
1.05532
-0.106341
-0.42029
1.01019
0.00451089
-0.0851275
-0.164915
0.00864432
0.135703
0.0579919
0.0119401
-0.0714545
-0.349372
-0.124631
-0.0320264
-0.0682934
0.627161
0.445751
0.145606
-0.0105502
0.0664771
-0.586397
-0.234717
-0.480481
-0.376998
-0.236564
-0.0614639
-0.112164
-0.130829
0.377677
0.0248236
-0.224096
-0.196548
-0.294772
0.135214
0.0479075
0.235539
-0.0637854
0.568535
-0.157523
-0.0742021
-0.0868834
0.30499
0.00825823
-0.141838
-0.0941814
-0.470871
-0.314681
-1.0267
-0.896902
0.0236927
0.190765
-0.015688
0.412044
0.00225187
-0.468494
-0.22216
-0.0975857
-0.398321
-0.487746
-0.74404
-0.157206
0.00174065
0.151892
0.145866
-0.110814
-0.019079
0.110279
-0.172771
0.0189467
-0.235327
-0.112285
0.364699
0.0531097
-0.155428
-0.307157
0.0704783
-0.225756
-0.147643
-0.0467047
-0.17547
-0.68028
-0.0723105
0.678084
0.241849
1.07107
0.317621
-0.0645723
0.0104775
-0.697795
-0.280275
0.0309017
0.329507
0.0549208
-0.287476
-0.0830614
0.121571
0.0730271
0.245604
0.193044
0.100371
-0.00665129
-0.0822932
0.179497
0.306572
0.279976
-0.0810078
0.158829
-0.216508
-0.561893
0.189584
-0.251749
-0.224652
-0.451677
-0.65935
-0.0769823
-0.00990833
0.227845
0.161755
0.0478838
0.178085
0.0114642
-0.139851
0.452271
0.00106674
-0.0184344
1.10355
-0.0990234
0.550221
-0.0153675
0.470301
0.0291955
-0.29184
-0.594259
-1.13369
-0.267645
-0.0545857
-0.721216
-0.201801
-0.13081
0.519177
-0.112387
-0.317246
-0.146767
-0.221046
-0.266407
0.0402289
-0.197465
-0.0354361
-0.0816255
0.150329
-0.0645572
0.443536
0.16353
0.465529
0.58326
0.0518059
-0.0661497
0.0644242
-0.151268
-0.10067
-0.111237
0.0163288
-0.130442
-0.46779
-0.298842
-0.190386
-0.489266
-0.322293
-0.116718
-0.0446496
0.131131
-0.238026
-0.101643
-0.438284
0.0588332
-0.114184
-0.109501
-0.319925
0.131048
-0.025278
-0.20665
-0.492951
-0.107293
-0.453691
-0.337459
-0.500232
-0.327095
-0.288468
-0.245982
-0.17089
-0.106811
-0.285849
-0.118766
0.338842
-0.0728179
-0.620035
0.4982
-0.101957
0.0186011
-1.00303
0.780052
-0.593884
-0.162698
-0.132178
-0.051284
-0.143284
-0.113884
-0.301883
-0.283301
-0.14582
-0.058735
0.0130081
-0.113268
-0.245776
0.741067
1.10451
0.274302
0.224983
0.968315
0.161088
0.00316316
-0.407728
-0.357058
-0.0751466
0.25346
1.05442
0.255885
-0.313214
-0.059884
-0.134049
-0.0821647
0.431037
0.888092
0.09691
0.349742
0.351922
-0.336538
-0.30855
-0.0134098
-0.0176487
-0.0806435
-0.0901766
-0.0573683
0.299569
-0.338014
-0.205636
-0.068942
0.210321
-0.236556
0.27716
0.389114
0.421897
-0.106018
-0.424641
-0.250098
0.00285976
-0.101613
-0.213834
-0.109529
-0.017768
-0.0105016
-0.0333731
-0.61907
-0.694557
-0.275592
-0.0391215
0.0377886
0.338266
-0.0941313
-0.213138
-0.149204
-0.141749
1.11281
0.744914
0.0491675
0.0850552
-0.040849
-0.0284197
-0.0973844
-0.222252
-0.144089
-0.339073
-0.0166599
-0.369746
-0.196009
-0.068331
-0.0599695
0.179629
-0.0314668
-0.0341616
0.266939
0.23029
0.0111243
-0.0748817
0.14589
-0.245796
-0.176702
-0.0578011
-0.0763411
-0.343039
-0.048979
-0.268845
-0.262721
0.0174694
-0.0218494
0.811223
0.801003
0.0726147
0.194966
0.124619
-0.139284
0.259985
-0.371699
0.147989
-0.16368
-0.315206
0.0991898
0.077244
0.0763418
-0.271214
0.224133
-0.414039
-0.0332788
1.39397
0.336876
0.0509922
0.0836239
-0.205308
0.0148025
-0.161776
0.0980081
-0.407953
-0.319313
-0.404391
-0.24651
-0.119324
-0.176542
-0.496353
1.25855
0.0845506
-0.0249459
-0.0388255
1.36571
0.388769
-0.100604
-0.254095
-0.288732
0.428501
0.0651463
-0.402622
0.0628486
-0.321227
-0.0485698
-0.36329
-0.0741604
-0.169786
-0.100624
-0.273459
-0.113576
-0.335837
-0.218348
-0.0862519
-0.34151
-0.368372
0.0180704
0.543305
0.0249476
-0.0509158
-0.27843
-0.250374
-0.104892
-0.115782
-0.293708
0.18698
-0.129526
0.21464
-0.0349957
0.52257
0.0812915
-0.000274763
-0.117505
-0.0294767
-0.503357
-0.288796
0.107397
0.128186
0.529879
0.0858268
0.216783
0.415322
-0.101584
0.160304
0.421364
-0.21106
-0.0308996
0.678882
-0.143237
-0.119406
-0.20242
-0.0965792
-0.720199
-0.157196
-0.184739
0.302382
0.0102475
0.124686
-0.139047
-0.0409728
0.0995781
-0.124076
-0.128276
-0.162421
-0.183969
-0.28087
-0.319164
-0.193699
-0.0689522
-0.0985772
0.115695
0.213789
0.389336
-0.179811
-0.31046
0.0357665
-0.107222
0.28679
-0.00870794
-0.469484
-0.0470236
-0.749292
-0.128168
0.0270346
-0.257564
-0.2805
-0.0796292
-0.40688
-0.189424
-0.334505
-0.156817
-0.261863
-0.161154
-0.158514
0.12227
-0.140204
0.143618
0.0495588
-0.681095
-0.0659482
-0.125411
-0.089367
-0.134905
-0.114639
-0.142147
-0.210853
-0.144401
-0.129127
-0.0623175
-0.0727607
0.124723
-0.138583
-0.456973
-0.247604
-0.0748812
0.06719
-0.335898
-0.0868346
-0.207308
-0.258073
-0.201238
-0.793868
-0.0691032
0.175657
0.0165203
-0.266394
0.377877
0.0572284
-0.0323178
0.0420475
-0.270035
0.346323
-0.21254
-0.10654
-0.160765
0.112429
0.560265
-0.0838293
0.30121
0.263806
-0.670305
-0.0666027
-0.150958
0.449093
-0.0711275
0.225365
0.118484
0.00163576
-0.0240434
0.617354
-0.160004
-0.231085
-0.238189
0.466656
-0.214477
0.163479
-0.200915
-0.298301
-0.2401
0.696436
0.491158
0.549813
0.128484
-0.0401536
0.0322289
-0.087398
0.251243
0.223125
0.0947601
0.258471
0.703721
0.632023
-0.0290931
-0.137384
0.144639
-0.299747
-0.0656788
-0.245042
0.904559
0.00270961
-0.206184
0.0213381
0.269173
0.199165
-0.0587624
-0.216057
-0.172212
0.638972
0.44935
0.00320073
-0.634205
0.197504
-0.95788
0.429257
0.302083
0.722827
0.0343757
0.321233
-0.0819732
0.40474
-0.110906
-0.169421
0.0387718
-0.263007
-0.08263
-0.0729323
-0.19747
-0.097539
1.19218
0.0633024
0.933564
0.690711
0.400695
-0.101838
-0.163509
-0.16798
0.0557781
0.133558
0.448921
0.650591
-0.619984
-0.236771
-0.49372
-0.120098
0.13949
-0.0683699
0.0110472
-0.0365754
-0.014678
0.0698328
0.436996
-0.358431
-0.183494
0.112898
-0.201154
0.7535
-0.113516
0.0548081
-0.35448
-0.478536
-0.492258
-0.115725
-0.30103
-0.238848
-0.0137571
-0.736774
-0.23202
0.0419645
-0.0784458
0.162228
-0.117138
-0.13117
1.05394
1.58491
-0.308384
-0.229378
0.47025
0.617757
0.231486
1.31507
-0.017168
0.175172
-0.0778102
0.0104654
0.0648852
-0.0928321
-0.0843209
-0.145402
-0.246201
0.382553
-0.16164
0.159466
0.0246927
-0.57223
0.177752
-0.262274
-0.417341
-0.600103
0.00977593
0.134517
-0.144455
-0.0593779
-0.346708
-0.246009
-0.128395
-0.115889
1.5782
-0.0552484
1.62059
-0.20797
0.27061
0.0699243
-0.225054
-0.325677
-0.248439
-0.270412
-0.175129
-0.0332665
-0.0789936
-0.506413
0.205139
-0.0660198
-0.0583859
-0.0161151
-0.545887
-0.0730147
0.0357472
-0.181324
-0.0756713
0.137541
-0.0667364
-0.265429
-0.0999142
0.750886
-0.292638
-0.224607
0.253972
0.549294
0.369974
-0.0173164
-0.124659
0.129915
-0.5825
-0.163955
-0.0952318
0.314523
-0.0515276
-0.150175
0.0469239
0.412357
0.0218426
-0.0810726
0.166699
-0.115222
-0.453178
-0.418064
-0.495199
-0.667031
0.0564041
0.419359
-0.26835
-0.182827
-0.130262
0.005798
-0.0936859
-0.146245
-0.153918
-0.302336
-0.083647
0.071882
0.103205
0.0275288
0.471016
0.269412
-0.0752633
-0.255092
-0.278907
-0.136521
-0.235485
-0.800328
-0.230018
-0.114302
-0.343582
-0.130163
0.167252
-0.566117
-0.269002
-0.163942
-0.0917704
0.00510938
-0.175826
-0.0435941
-0.0687328
-0.634619
-0.708084
0.278277
0.106
-0.274489
-0.013764
-0.14048
-0.186504
-0.21739
-0.0428685
0.561537
-0.118856
-0.00783474
-0.159769
-0.14413
-0.0676433
0.114338
0.0521165
0.18213
0.0359031
-0.144938
-0.0861216
0.131083
0.188395
-0.0133639
-0.076239
-0.051237
0.0226936
-0.119186
0.156947
0.113327
0.205016
-0.182851
0.254409
-0.0373482
-0.0905043
-0.0398105
-0.0779789
-0.0916184
-0.136573
0.0564466
-0.0814731
-0.134259
0.196509
0.124205
-0.148828
0.048876
-0.989807
0.00849615
-0.126975
-0.259425
-0.273844
-0.045879
-0.206394
-0.0467434
-0.151018
-0.0752047
0.261006
0.0126002
-0.0489678
0.266414
0.0829742
-0.19383
-0.150479
-0.050815
-0.0459683
-0.0958364
0.354793
0.777017
0.0356445
-0.248254
-0.583634
-0.251726
0.257992
0.431498
-0.18823
-0.28015
0.132279
0.610596
-0.247199
-0.10202
0.0791813
0.320155
0.371204
-0.693217
0.00905369
-0.159469
-0.25235
0.0379775
-0.0320298
0.0144713
0.266009
-0.19381
0.0550178
0.798506
0.579077
-0.0130205
-0.00806095
-0.448257
-0.119764
0.32015
-0.109573
-0.0188508
-0.253539
-0.0781783
-0.277872
-0.332601
-0.109231
0.0661607
-0.085577
-0.183644
0.0133827
-0.0686952
-0.30103
-0.0314341
0.398228
0.606735
-0.146837
-0.0314135
-0.242839
-0.0663772
0.388934
0.367335
0.0342188
-0.552152
0.0382456
0.188692
-0.0180982
0.243038
0.122761
-0.0795143
-0.234814
-0.0145791
0.0477728
-0.217362
-0.137507
-0.0204572
-0.109841
-0.289235
-0.093599
-0.0115819
-0.0461925
-0.0758211
0.81588
-0.122511
0.0208058
-0.137198
-0.221669
0.120197
-0.464212
0.171126
0.382676
-0.141193
0.0779747
-0.475032
-0.229279
1.33988
0.00699078
-0.0639673
-0.118246
-0.111004
-0.107328
-0.358106
-0.238131
0.00580872
-0.25924
-0.344513
-0.0955291
-0.141121
-0.157004
-0.0706143
1.51261
0.123738
-0.0118806
-0.347427
-0.648916
-0.0805703
-0.159418
-0.410627
0.114276
0.132219
-0.473113
-0.109524
-0.275994
-0.214954
-0.641207
-0.280472
0.0376625
-0.309401
-0.58375
0.052029
-0.217016
-0.468956
-0.255402
0.28205
-0.118552
-0.153115
-0.145101
-0.262344
0.139378
0.481756
-0.0132885
-0.364233
-0.476518
-0.277442
0.11036
0.19996
0.378965
-0.0864129
-0.57994
-0.0661297
0.14116
-0.0987233
-0.116662
0.0966251
-0.176091
-0.0354166
0.246246
-0.0824803
-0.171022
0.30868
0.521795
0.0386403
0.202159
-0.275855
0.229345
-0.26155
-0.148204
0.217484
-0.299201
0.0373243
-0.355839
0.0431202
-0.222266
-0.358884
-0.0265818
-0.067282
0.144624
-0.646458
-0.425969
0.286023
0.480734
0.431561
0.30938
-0.0277093
-0.0437244
0.244262
-0.0740379
-0.0138986
-0.133305
-0.990001
-0.620668
0.113344
-0.0354792
0.189548
-0.268556
0.0438352
-0.246146
-0.195891
0.197155
0.750759
0.293839
1.07251
-0.134847
0.036927
0.196045
0.0831335
-0.109893
0.901467
0.21175
0.421383
0.0374942
0.256258
0.0432543
-0.427788
0.0122344
0.800508
0.144344
0.265117
-0.596658
0.0438726
-0.140944
0.0107748
-0.188167
0.0196592
0.277057
-0.231175
0.0453893
0.477121
0.440788
-0.169523
-0.239329
-0.256469
0.208887
0.162549
0.153501
0.0989398
-0.211282
0.044525
-0.101376
0.0149683
-0.0391521
-0.379272
-0.0765625
0.110973
-0.232904
-0.106804
-0.188988
-0.186668
0.133778
0.0561398
0.440488
-0.0222764
-0.0670832
-0.29338
-0.108698
-0.0944844
-0.259759
-0.0981892
-0.294604
0.103118
0.700666
0.277419
-0.128259
-0.174217
0.959371
0.112383
-0.0380117
0.35382
-0.294538
0.18559
-0.154957
-0.148831
0.0304893
0.782606
-0.332491
0.123151
-0.49413
-0.170601
0.0869489
-0.496675
0.286098
-0.0498305
-0.209686
-0.195645
-0.318894
0.0921666
-0.184508
-0.449657
-0.161368
0.188048
-0.329977
-0.524388
-0.235794
-0.0388839
-0.406779
0.0787698
-0.245982
-0.0266522
-0.0721294
-0.371941
0.00722838
-0.200577
-0.162414
0.0423167
0.793408
0.249166
-0.082997
-0.0856462
-0.158117
-0.581651
-0.382234
-0.0795817
0.0252752
-0.336013
-0.18583
0.464316
-0.0791812
-0.363638
-0.564337
0.131074
0.040057
-0.195072
0.324673
0.733432
0.0766976
-0.281725
-0.115785
-0.172804
0.239369
-0.365488
0.000584888
-0.206909
-0.0946808
-0.274459
0.0291884
-0.383256
-0.191255
0.106234
0.102889
-0.30103
0.547139
-0.177049
-0.231591
-0.33963
-0.0760008
-0.485977
-0.0707481
-0.00270589
0.229085
0.0374093
-0.286557
-0.0924144
0.109307
-0.319931
-0.282783
-0.107482
-0.289106
0.0775005
-0.101901
-0.165885
-0.699535
-0.0728175
0.199405
-0.155732
0.214099
-0.499989
-0.145155
-0.089603
-0.333927
-0.134183
-0.969076
0.355282
-0.436277
-0.123286
-0.261304
0.125796
0.0151967
-0.100146
0.689978
-0.0949017
-0.473038
-0.495218
0.0879143
-0.409619
-0.37798
-0.110785
-0.0668465
0.833553
-0.0123856
0.288389
0.382589
-0.338799
-0.145316
-0.293849
-0.145907
-0.304261
-0.077737
-0.465231
0.195389
0.121644
-0.343385
0.233781
0.0914003
0.863973
0.800308
-0.754069
-0.108077
0.454283
0.72838
1.19537
-0.293691
-0.225
-0.249659
0.316554
-0.217348
0.0152975
0.367356
-0.191654
-0.108038
0.00126434
-0.252704
-0.211706
0.0137278
1.2892
0.861777
-0.0192418
-0.51419
-0.839773
-0.1227
0.291322
0.0486232
-0.0128075
-0.246409
0.0149565
0.0824437
-0.157813
-0.0669468
0.112422
-0.149458
-0.302739
-0.124264
-0.00444521
-0.180393
-0.00248881
-0.0351331
-0.265187
-0.271719
-0.142445
-0.173463
0.0361583
-0.21639
-0.207277
-0.440677
-0.301258
-0.129481
-0.085803
-0.0155941
-0.19688
0.0712979
-0.189344
0.0879346
0.0381643
-0.226396
-0.515507
-0.720275
-0.0168928
-0.194331
-0.0113654
-0.630792
-0.705712
0.594056
-0.437471
0.240234
0.449788
-0.0842979
-0.0858914
-0.0428967
0.108286
0.0660659
0.219638
0.0444358
-0.186059
0.167601
-0.148083
-0.21889
0.597335
-0.156713
-0.174723
-0.245035
-0.172318
-0.428916
-0.149445
-0.00440096
0.495331
0.192163
-0.0635192
-0.0558664
-0.180169
-0.233514
-0.274204
-0.256218
-0.484662
0.0152247
-0.129634
-0.147151
0.0175771
0.56562
-0.420829
-0.0956005
-0.208809
-0.105312
0.215302
-0.119476
-0.254484
0.00694885
-0.102363
0.677101
-0.0690051
1.32657
0.542714
0.00385779
-0.0823536
-0.109779
-0.025095
0.163751
-0.169853
-0.218921
0.03761
-0.332714
-0.0868376
0.0321847
-0.678215
-0.194136
-0.0896577
-0.089871
0.0431439
0.0682935
0.362167
-0.057625
-0.0774122
0.42927
0.0882818
0.00232866
0.223251
0.57892
1.22695
-0.152012
-0.478206
-0.11572
0.127625
-0.972573
-0.0656723
-0.147505
-0.307798
0.12539
-0.0851179
0.0359977
-0.386454
-0.308855
0.220139
0.384174
0.688027
0.0444462
0.0872286
-0.249632
-0.275466
-0.453818
-0.213569
-0.284336
-0.0999963
-0.0796302
0.371961
-0.157836
0.0240289
-0.210853
-0.225563
-0.120832
0.460552
0.545247
-0.109542
0.0520887
-0.155221
-0.372509
-0.285251
-0.120535
0.150042
1.12598
0.112113
-0.0822577
0.0406888
0.0387835
0.376531
0.48273
0.501169
1.29059
1.2201
0.158703
-0.189737
-0.487312
-0.399864
-0.0368854
0.162674
0.113346
-0.429731
0.0180861
-0.142302
0.369568
0.191619
0.366028
0.777673
-0.444063
-0.299211
-0.0441417
0.463254
-0.362641
1.33232
0.467956
0.0419382
0.0576211
-0.0733983
0.146267
-0.27946
-0.0611052
-0.251578
0.0382044
-0.130629
-0.391889
0.15615
0.24851
-0.127596
0.0774475
0.145204
-0.0216111
-0.215092
-0.017666
-0.0312577
-0.130358
-0.217142
-0.385553
-0.0351935
-0.060823
-0.122647
-0.229408
-0.224449
-0.074313
0.0376644
0.129244
-0.0130229
0.023975
0.256842
-0.182234
-0.159356
0.0127794
0.0627769
0.307229
-0.208068
-0.12002
0.0491513
0.0982307
0.459555
0.795215
-0.0178184
0.235363
0.133827
-0.767401
-0.579315
0.217207
0.28628
0.111467
0.154117
0.0524291
-0.161383
-0.161492
0.14281
0.140724
-0.0340256
-0.280103
-0.379932
-0.153456
-0.061815
-0.0727537
0.069636
-0.201972
-0.0767435
-0.192725
-0.105906
-0.192797
-0.231949
-0.199609
-0.150679
-0.0349075
-0.150115
-0.089464
-0.0188553
0.121769
0.0693527
-0.263585
0.14008
-0.0276873
0
0.0660796
-0.312637
0.14635
-0.175601
-0.11519
-0.0502743
-0.150537
0.107003
1.55806
1.36178
-0.0105999
0.163094
0.0885435
-0.0800004
-0.168499
-0.170132
0.109482
-0.469434
-0.055835
0.12977
-0.0508646
-0.168232
-0.504162
-0.259674
-0.216547
-0.227597
-0.193951
0.1419
0.0039662
-0.0937085
0.315451
-0.452685
-0.201327
-0.400244
-0.369606
-0.350585
0.518902
-0.12992
-0.0468078
-0.421933
0.0647482
-0.377152
-0.243338
0.467785
-0.135513
-0.10351
-0.127832
-0.401725
-0.226829
-0.376112
-0.393395
-0.291467
0.0515819
0.111843
0.177117
0.557033
-0.126012
-0.0480523
-0.127218
0.0407287
-0.162979
-0.45613
-0.838646
1.40626
-0.270849
-0.133976
-0.330674
-0.443457
0.160901
-0.00646832
-0.306283
-0.316955
-0.513589
-0.380549
-0.173795
-0.0724362
-0.3571
-0.0340979
-0.0796751
0.0128735
0.0485845
-0.0415542
-0.233667
-0.198368
0.238929
-0.0212012
0.144747
0.279185
-0.118907
-0.188972
-0.139532
-0.228773
-0.0122344
-0.00516785
-0.0840493
-0.341784
-0.33044
-0.149934
-0.0925283
-0.10721
-0.227372
0.221977
0.309501
-0.404885
-0.440604
0.261299
0.26936
0.0820301
-0.482962
0.119865
-0.0638893
0.117552
-0.0833184
-0.0493736
-0.39794
-0.347033
-0.323604
0.0934918
0.280864
-0.0469457
-0.107489
1.30924
-0.603239
-0.0948592
-0.21104
-0.591111
0.0591455
-0.0681616
-0.168938
-0.116826
-0.487686
-0.026559
-0.463449
-0.222598
0.082082
-0.0637048
-0.0802367
-0.134384
-0.0507896
-0.170707
-0.116506
-0.194697
-0.0876907
-0.0741631
-0.184739
0.18425
-0.0113994
-0.544265
-0.386708
-0.348013
-0.474432
-0.272404
-0.0366539
-0.0460815
0.859377
0.105747
0.257975
-0.0816589
0.512711
-0.0241831
-0.598494
-0.0917258
0.655012
0.238991
0.142944
0.0428131
0.00068125
0.123709
-0.054643
0.00167145
0.308361
0.222234
0.121497
-0.493512
-0.0856154
-0.0752714
-0.0381035
-0.0941535
-0.285976
-0.0737473
0.218714
0.35792
0.400384
-0.151972
-0.0747761
-0.223729
-0.164653
0.0797711
0.293155
0.162097
-0.116733
0.0156721
-0.0488486
0.244022
0.160335
0.46672
0.297129
-0.176526
-0.110227
0.384155
-0.0339261
-0.464831
-0.403763
-0.139152
0.19287
-0.0821465
-0.357873
-0.174922
-0.392564
-0.823992
0.238002
-0.240645
-0.29539
-0.139256
-0.211016
-0.308473
-0.506965
-0.674373
-0.527393
0.0584954
-0.0952681
-0.0693773
-0.534837
-0.136561
-0.212518
-0.267721
-0.0419051
-0.137566
-0.104342
-0.475545
0.369119
-0.250962
0.0319087
-0.610066
-0.154143
-0.262435
-0.123003
0.123137
0.261909
1.66385
0.0132077
0.116568
0.162001
-0.183231
-0.0841148
-0.287483
-0.0608161
0.0198569
-0.202609
0.0144778
-0.232075
-0.186196
-0.0742167
0.596391
0.187034
-0.107129
0.0572033
-0.338715
-0.19781
-0.175391
-0.328696
0.168903
-0.128875
0.327233
0.178043
-0.957965
-0.218137
-0.295911
0.191988
-0.173402
-0.031599
-0.0702495
-0.0559394
-0.0592704
0.0330291
-0.0561159
-0.391017
-0.101816
-0.335582
-0.236653
-0.584104
-0.327827
-0.117324
0.356066
0.00632177
-0.10168
-0.0285089
-0.122806
-0.108766
-0.110115
0.135102
-0.644744
0.341394
-0.112664
-0.0237564
-0.325175
-0.044647
-0.132563
0.599801
0.273096
-0.402328
-0.313456
-0.0485751
-0.144452
0.37998
0.537614
1.18978
0.237409
-0.361888
-0.741059
-0.177765
0.0151884
-0.0863303
0.106222
-0.244067
-0.293533
-0.19152
-0.0433598
0.0746741
-0.0660596
0.438089
-0.0178568
1.236
0.394488
0.15787
-0.041471
-0.128459
-0.244937
-0.395084
-0.238882
-0.427563
-0.195549
0.0312231
0
-0.434971
-0.125426
-0.187155
-0.259303
-0.205354
-0.0966667
-0.21253
-0.028379
-0.0301544
0.0117038
0.0729422
1.14137
0.307107
-0.142559
-0.268265
-0.0454698
-0.319409
0.590021
-0.128256
-0.0455114
-0.32903
-0.0131854
-0.29436
-0.0736797
-0.809904
0.00800829
-0.254657
-0.411679
-0.145792
0.223529
-0.202863
-0.0374737
0.126456
0.564586
0.378347
-0.187087
-0.345544
-0.170628
0.0208176
-0.218254
-0.140235
-0.150957
-0.383668
-0.148063
-0.0609975
0.0919221
-0.0854459
-0.522521
0.53777
0.484241
-0.0906345
-0.398309
-0.0286922
0.0593937
-0.192378
-0.0209872
1.27688
0.436715
0.0858006
0.109341
-0.0863874
-0.348102
-0.284554
-0.211174
0.362239
0.433515
-0.0492486
0.0170103
0.332489
0.917382
-0.0876228
-0.0218909
-0.254064
0.186548
0.295215
-0.0455023
0.124018
0.189627
-0.401257
-0.200129
-0.0219018
-0.0419259
-0.562246
0.296284
0.0319128
0.035742
-0.0792406
0.0823398
0.108858
-0.543176
0.107795
1.0069
-0.464252
-0.0965434
-0.220316
0.365313
-0.118392
-0.269377
-0.203774
-0.439088
0.345159
-0.0559445
0.0567276
0.221849
0.226114
0.0160869
-0.10625
-0.323793
-0.245489
-0.0961296
-0.0973029
-0.0604876
-0.0289892
-0.0974883
0.552622
0.0332514
0.762601
-0.785436
0.0982201
0.550851
-0.286574
-0.122374
-0.118475
-0.00872223
-0.229275
0.119042
-0.0453048
0.465159
0.0828586
1.45496
0.00892742
0.0333938
0.0643509
-0.0928347
0.107223
-0.0105544
-0.634453
-0.685544
-0.32212
-0.119889
-0.021465
0.152502
-0.0210183
-0.172029
-0.211439
-0.191092
-0.497325
-0.809086
-0.701629
-0.283423
-0.0508916
0.372352
0.0965894
1.21466
-0.0728306
-0.150915
0.0274382
0.0656219
-0.304353
-0.251905
-0.169244
-0.162187
-0.263423
-0.328856
0.155257
0.134953
0.151541
-0.429617
-0.0346856
-0.13858
-0.141534
0.0152949
0.271608
-0.141988
-0.0790486
-0.143826
0.428717
-0.256003
-0.288695
-0.391615
0.2281
1.53061
0.149724
0.134161
-0.0679644
0.0105673
-0.53865
-0.649843
1.1846
0.361529
0.266058
0.166415
0.0537153
-0.335913
1.56125
-0.055158
0.0781324
-0.261357
-0.171975
-0.345468
0.277509
0.34297
0.0186957
0.029085
-0.110413
-0.208757
0.0546476
-0.112422
0.00274871
0.110706
-0.094026
-0.216655
-0.147356
-0.384372
-0.279438
-0.137726
-0.123208
0.316232
0.215782
-0.232161
-0.231737
-0.335792
0.02437
0.124651
0.0301283
0.287914
-0.0249207
-0.289481
-0.233434
0.243594
0.0844964
-0.283135
-0.0734466
-0.112191
-0.163762
0.225601
0.441268
0.655741
-0.932969
-0.484707
0.288009
-0.231547
-0.248806
0.390565
-0.178458
-0.483424
0.110128
-0.0963592
-0.185079
-0.382412
0.00424396
-0.192943
1.67859
0.265888
-0.17858
0.0675794
-0.0725753
-0.0863874
-0.092364
0.138154
-0.0653002
0.0124507
0.274587
-0.312498
-0.21893
0.0310224
-0.153659
0.148481
-0.232696
0.196386
-0.298562
-0.282423
-0.181324
-0.247221
0.245107
-0.162587
-0.14073
0.466413
0.959554
-0.105642
-0.220268
-0.412897
-0.365904
-0.736645
0.153584
-0.0703162
-0.295904
-0.188671
0.0277895
0.28077
0.679702
0.207926
-0.0889949
0.333962
0.970123
-0.188552
0.0876694
-0.596981
-0.0987918
0.0414366
-0.239427
-0.14875
-0.131906
0.621941
1.14198
0.84967
0.0413183
0.123049
0.0352578
-0.00247683
0.0466914
0.0964794
0.040255
-0.263397
-0.0223116
-0.126696
0.214562
0.014156
-0.0338867
-0.0317918
-0.0487464
-0.500906
-0.376561
-0.0107868
-1.01375
-0.390548
-0.0650768
-0.190755
-0.848257
0.0747678
0.771521
0.169142
0.130674
0.156238
-0.307869
0.0372939
-0.0552655
0.465533
0.0647657
-0.0746967
-0.120451
0.0297654
-0.143955
-0.383785
-0.095933
0.00293547
-0.191397
-0.292173
-0.264182
-0.0286058
0.056171
0.0649408
-0.0413927
-0.190124
1.41135
-0.000455962
-0.0415614
0.230393
-0.13559
0.2598
1.14177
-0.118385
-0.102847
0.0495492
-0.174489
0.278092
1.14312
0.806796
0.522189
0.252143
-0.105995
-0.0846375
0.0254816
-0.0656949
-0.154414
-0.00744309
-0.0694821
-0.0385265
-0.0388634
-0.296778
-0.0907063
-0.325942
-0.155168
0.00857636
-0.10839
0.0449567
0.343083
-0.0890659
-0.0155764
-0.0574179
-0.447386
-0.130825
0.235186
0.195505
-0.905966
-0.124348
-0.102633
0.0695556
0.0255801
-0.276896
-0.322817
-0.223532
0.179568
-0.229222
0.0664301
0.173034
-0.0386717
-0.0273423
-0.241909
-0.381351
-0.141795
-0.594417
-0.180296
-0.292514
-0.171359
-0.0636224
-0.163481
-0.168404
-0.0557652
0.0581071
-0.328777
-0.298072
-0.265578
-0.307656
-0.659518
-0.233765
-0.162518
-0.319468
-0.147244
-0.274272
-0.502526
-0.0850525
-0.173155
-0.202818
0.229512
0.167599
-0.109582
-0.639246
-0.206465
-0.656107
-0.256177
-0.102714
-0.232435
0.0663373
0.351826
0.305336
0.51695
0.432431
-0.304463
0.0301876
0.0584583
-0.105067
0.568175
0.366436
0.888692
0.419567
-0.00106838
0.621887
-0.179901
-0.101924
0.0542418
0.433613
0.00792046
1.44718
-0.225491
-0.0477601
0.0351008
-0.570912
-0.00403283
-0.159311
-0.338328
0.057572
-0.153713
-0.00398523
-0.355868
-0.185376
-0.113927
-0.0104984
-0.0120436
-0.1311
0.0561642
0.0459198
-0.0238465
-0.0177906
0.0471791
0.105022
0.144348
0.362709
-0.156817
-0.293891
-0.147802
0.0292936
0.265743
0.124069
-0.0181475
0.290151
-0.132391
0.405934
0.0297688
0.092307
0.0367533
-0.389864
-0.134908
0.156673
-0.0659011
-0.291909
-0.314249
0.00663718
0.0964099
-0.225033
-0.0121061
0.813386
-0.0139087
0.0283538
-0.211949
-0.258187
0.0599781
0.402356
-0.186224
-0.15913
-0.0835776
0.0286544
0.0261928
-0.0210426
-0.0658084
0.478032
-0.133128
0.166667
-0.111767
-0.0536771
-0.249978
-0.152762
0.0567585
0.218909
0.105514
-0.0477656
-0.0416987
0.485594
0.421298
-0.0848386
0.367681
0.755698
0.337788
-0.251071
-0.0898097
-0.150537
-0.191187
0.131894
-0.0333435
-0.0691859
0.0191892
-0.102851
-0.120221
-0.105629
-0.290078
0.116926
0.660932
-0.330798
-0.258621
-0.054413
-0.0410201
-0.0822668
-0.117622
0.052731
-0.0281122
0.278394
0.0445645
-0.0544787
-0.244818
-0.070466
-0.0463346
-0.0859249
-0.180807
-0.18045
0.105544
-0.0120981
-0.262361
-0.292813
-0.271646
-0.564137
-0.32859
-0.0877545
-0.0566461
-0.317861
-0.0845788
-0.110791
0.252469
0.0636468
0.520636
-0.0990582
0.00975072
-0.124939
-0.245461
-0.346801
-0.223074
-0.63924
-0.495166
-0.257649
-0.339512
-0.0854821
0.417866
0.310798
-0.00835207
-0.400357
-0.204879
0.00098927
-0.0263653
0.215216
-0.24472
-0.259066
-0.535725
-0.699375
0.00938041
0.535948
0.197012
0.122387
-0.0320001
-0.103035
-0.119327
-0.355747
-0.0439764
-0.304135
-0.157279
0.865647
-0.134282
-0.219702
-0.158184
-0.228479
-0.208474
-0.317848
-0.121825
-0.208554
-0.0278652
0.252955
-0.0863003
-0.0430577
-0.265327
-0.0946539
0.00907768
-0.301625
-0.219638
-0.0192548
0.0608357
0.854205
0.0437113
0.215953
-0.562047
0.34227
-0.125136
-0.367915
-0.0975455
0.319577
-0.435245
0.160158
0.109144
-0.0755914
-0.302989
0.0729579
-0.095124
-0.117988
-0.120875
-0.225321
-0.0116753
-0.389729
0.104638
-0.10585
-0.00862869
0.0439196
-0.309777
0.308543
0.406798
-0.190238
0.0718238
0.020316
0.00338262
0.0251655
-0.176659
0.0908794
-0.154981
-0.261657
-0.145187
-0.134387
0.00158789
0.139841
-0.0437705
-0.0891369
-0.0569677
-0.0865342
-0.233056
-0.340992
-0.977542
0.115465
0.0173246
1.26736
1.38231
0.589063
-0.204638
-0.179795
-0.0870017
-0.258686
-0.223864
0.00415915
-0.239741
-0.118293
-0.0225658
-0.274941
-0.208106
-0.107089
-0.0258073
-0.09372
0.142271
-0.237313
-0.0292469
0.215743
-0.022987
-0.0611526
-0.0367487
0.221521
-0.20499
-0.12096
0.340346
-0.0962126
0.322614
-0.0616782
-0.0623849
-0.0998805
0.173594
0.548385
-0.168985
0.257697
-0.147115
-0.0762885
-0.437347
-0.119397
-0.116404
-0.0308397
0.845013
-0.158402
0.463111
-0.314682
-0.345165
-0.345318
-0.216417
0.36907
-0.102662
-0.0612074
-0.0967458
-0.335254
-0.16174
-0.103722
-0.149813
-0.105821
-0.252589
-0.0821868
-0.177248
-0.0126529
1.11265
0.58018
-0.0890008
-0.219313
-0.230789
-0.611468
-0.00740502
-0.184639
-0.520262
0.527424
0.0365258
0.054852
-0.275178
0.00395958
-0.488909
0.254762
-0.0036419
0.0362448
-0.408113
0.337269
-0.179963
0.167554
-0.0900392
-0.0579112
-0.102248
-0.0190476
-0.109639
-0.0924897
-0.102547
-0.0933116
-0.136691
-0.0726684
-0.100126
-0.234985
0.0529037
-0.201527
-0.0437233
0.0897743
0.126294
0.0257964
-0.178279
-0.318085
-0.0907957
-0.342847
-0.135235
0.0221604
-0.278027
-0.298645
-0.167533
-0.10067
-0.0633999
-0.245609
0.295778
0.0744432
0.395184
-0.0231359
-0.244439
0.0486632
-0.185046
-0.134044
-0.141193
-0.128257
-0.0638008
-0.121382
-0.0795484
